tumor_1	tumor_2	tumor_3	tumor_4	tumor_5	tumor_6	tumor_7
100036520	2	2	2	2	2	2	2
100036537	2	2	2	2	2	2	2
100037258	2	2	3	2	2	2	3
100038437	2	2	2	2	2	2	2
100038489	2	2	2	2	2	2	2
100038525	2	2	2	2	2	2	2
100038545	2	2	2	2	2	2	2
100038582	2	2	2	2	2	1	2
100038657	2	2	2	2	2	2	2
100038693	2	2	2	2	2	3	2
100038699	2	2	2	2	2	1.17207593386405	2
100038968	2	2	2	2	2	2	1
100039027	2	2	2	2	2	2	2
100039150	2	2	2	2	2	2.33588621444201	2
100039206	3	2.19444444444444	2.19444444444444	2	3	3	2
100039257	2	2	2	2	2	2	3
100039315	2.14713216957606	2	2	2	2	2	3
100039324	1	2	1	2	1	2	1
100039331	1	2	1	2	2	2	2
100039377	1	2	1	2	1	2	1
100039459	2	2	2	2	2	2	2
100039550	2	2	1	2	1	2	1
100039691	1	1	1	2	1	1	1
100039830	2	2	2	2	2	2	3
100039890	1	2	1	1	1	2	1
100039904	2	1	1	1	1	2	2
100039913	2	2	1	2	1	2	2
100040016	2	2	1	2	1	2	2
100040030	2	2	2	2	2	2	2
100040225	2	1	1	2	1	2	1
100040317	2	2	1	2	1	2	2
100040471	2.92324425108763	2	2	2	3	3.2302672467371	2
100040607	2	2	2	2	2	2	2
100040635	2	2	1	2	1	3	2
100040697	2	2	3	2	2	2	3
100040882	2	2	2	2	2	2	2
100040923	2	2	3	2	2	2	3
100041014	1	1	1	1	1	2	1
100041186	2	1	2	2	2	1	1
100041296	2	2	2	1	2	2	2
100041345	1	1	1	1	1	2	1
100041426	2	2	2	2	2	2	2
100041530	2	2	3	2	2	2	3
100041548	2	3	2	3	2	2	2
100041579	1	2	1	2	2	2	2
100041639	3	2	3.24703264094955	3	5	3	4.66988130563798
100041840	2	2	3	2	2	2	3
100041874	2	2	3	2	2	2	3
100041942	2	1	2	2	2	1	1
100041958	2	2	3	2	2	2	3
100042074	2	2	2	2	2	2	2
100042109	1	2	1	2	1	2	1
100042110	1	1	1	1	1	2	1
100042201	2	1	1	1	1	2	2
100042295	2	2	2	2	2	2	2
100042417	1	1	1	1	1	2	1
100042499	2	1	2	2	2	1	1
100042548	2	2	2	2	2	2	3
100042577	5	1	2	3	2	1	1
100042578	1	1	1	1	1	2	1
100042648	2	2	2	2	2	2	2
100042703	2	1	2	2	2	1	1
100042784	2	2	2	2	2	2	2
100042802	1	3	1	2	2	1	1
100042810	3	1	2	3	2	1	1
100042849	2	2	2	2	2	2	2
100042856	2	1	2	1	2	1	1
100042894	2	1	2	2	2	1	1
100042926	2	2	2	2	2	2	2
100043034	3	2.3064032016008	2	4	2.51025512756378	2	2
100043125	2	2	2	1	2	2	2
100043216	2	2	1	2	1	2	1
100043255	2	2	2	2	2	2	2
100043381	1	2	2	2	2	2	2
100043387	1.57262185534591	2	2	2.57262185534591	2	2	2
100043416	3	2	2	2	2	2	2
100043606	3	2	2	2	2	2	3
100043842	2	1	2	2	2	1	1
100045469	2	2	2	2	2	2	2
100101807	2	2	2	2	2	2	3
100125268	3	2	2	2	3	2	2
100126226	2	2	2	2	2	2	2
100126242	3	2	2	2	3	3	2
100126765	3	2	2	2	3	2	2
100189605	2	4	3	3	3	5	3
100226	2	2	2	2	2	3	2
100302648	2	2	2	2	2	2	2
100303732	1	2	2	3	2	2	2
100312987	2	2	2	2	2	2	2
100502635	2	2	2	2	2	2	2
100502643	2	2	2	2	2	2	2
100502888	3	2	3	2	3	2	3
100502896	2	2	2	2	2	2	3
100503082	2	2	2	2	2	2	2
100503265	2	2	2	2	2	2	2
100503292	2	2	2	2	2	2	2
100503399	2	2	2	2	2	2	2
100503460	2	2	2	3	2	2	2
100503470	1	2	2	2	2	1	2
100503474	2	2	2	3	2	2	2
100503481	2	2	1	2	1	2	2
100503518	2	2	2	2	2	2	2
100503582	2	2	2	2	2	2	2
100503652	2	2	2	2	2	2	3
100503743	1	1	1	2	1	1	1
100504018	3	2	2	2	2	2	3
100504070	1	2	1	2	2	1	1
100504112	2	1	2	2	2	1	1
100504156	3	2	2	2	2	2	3
100504207	2	1	2	2	2	1	1
100504263	1	2	2	2	2	2	2
100504559	2	1	2	2	2	1	1
100504675	1	1	1	2	1	1	1
100505397	2	2	2	2	2	2	2
100526508	2	1	2	2	2	1	1
100529082	3	2	2	1	3	3	2
100608	2	2	2	2	2	2	2
100727	2	2	2	2	2	2	2
100861627	2	2	1	2	1	2	1
100861730	1	1	1	2	1	2	1
100861870	3	2	3	2	3	2	3
100861913	1	1	2	2	2	1	1
100862015	2	2	2	2	2	2	3
100862339	2	2	2	2	2	2	2
100862349	2	2	2	2	2	2	2
100862359	2	2	2	2	2	2	2
100873094	2	2	3	2	2	2	3
100910	2	2	2	2	2	2	2
101023	2	2	2	2	2	2	2
101055651	2	2	2	2	2	2	2
101055948	2	2	1	2	1	3	2
101056032	2	2	2	2	2	2	2
101056073	2	2	2	2	2	3	2
101056177	10	3	7	8	7	2	6
101148	3	2	3	2	3	2	3
101502	2	1	2	2	2	1	1
102209	2	2	2	2	2	2	2
102294	2	2	2	2	2	2	2
102595	2	2	2	2	2	2	3
102631501	2	2	2	2	2	2	2
102631533	1	1	2	2	2	2	2
102631539	2	2	2	2	2	2	2
102631552	2	2	2	2	2	1	2
102631554	1	1	2	2	2	1	1
102631557	3	4	3	2	2	2	2
102631568	2	2	3	2	2	2	3
102631569	2	1	2	2	2	1	1
102631581	2	2	2	2	2	2	2
102631600	2	2	2	2	2	2	2
102631659	2	2	2	2	2	3	2
102631663	1	1	2	2	2	1	1
102631674	2	2	2	3	2	3	2
102631694	2	2	2	2	2	2	2
102631745	2	2	3	2	2	2	3
102631750	2	2	2	2	2	2	2
102631756	2	2	2	2	2	2	2
102631779	3	2	3	2	3	2	3
102631785	2	2	2	2	2	1	2
102631815	3	2	3	2	3	2	3
102631824	1	1	2	2	2	1	2
102631833	2	2	2	2	2	2	2
102631841	1	1	2	2	2	1	1
102631866	2	2	2	2	2	2	2
102631879	3	2	2	2	2	2	3
102631890	2	2	2	2	2	2	2
102631948	2	1	2	2	2	1	1
102631949	3	2	2	2	2	2	3
102631960	2	2	2	2	2	2	2
102631968	2	2	2	2	2	1	2
102632044	2	2	2	2	2	2	2
102632051	2	2	2	2	2	2	2
102632057	2	2	2	2	2	2	2
102632070	2	2	2	2	2	2	2
102632077	2	2	3	2	2	2	3
102632095	2	2	2	2	2	2	2
102632116	2	2	2	2	2	2	2
102632134	2	2	2	2	2	2	2
102632137	3	2	2	2	2	2	2
102632139	2	2	2	2	2	2	2
102632142	2	1	2	2	2	1	1
102632146	3	2	2	2	2	2	3
102632148	3	2	2	2	2	2	3
102632161	2	2	2	2	2	2	2
102632167	2	2	2	2	2	2	2
102632168	2	2	2	2	2	2	3
102632174	2	2	2	2	2	2	2
102632211	2	2	2	2	2	2	2
102632229	3	2	3	2	3	2	3
102632253	1	1	2	2	2	1	1
102632256	2	2	1	2	1	3	2
102632273	2	2	2	2	2	2	2
102632274	2	2	2	2	2	2	2
102632308	4	3	3	5	4	4	3
102632313	3	2	2	2	3	3	2
102632325	1	2	1	2	1	2	1
102632375	2	2	2	2	2	2	2
102632381	2	2	2	2	2	2	2
102632385	2	2	2	2	2	2	2
102632420	2	2	2	2	2	2	2
102632451	2	2	2	2	2	2	2
102632454	2	2	2	2	2	2	2
102632455	2	2	2	2	2	2	2
102632502	2	1	2	2	2	1	1
102632522	2	2	1	2	1	2	1
102632531	3	2	3	2	3	2	3
102632541	3	2	2	2	3	3	2
102632548	2	2	2	2	2	2	2
102632566	2	2	2	2	2	2	2
102632654	3	2	2	2	3	3	2
102632704	2	2	1	2	1	2	2
102632721	2	1	2	2	2	1	1
102632723	2	2	2	2	2	2	2
102632727	2	2	2	2	2	2	2
102632745	1	1	1	1	1	2	1
102632767	2	2	2	2	2	2	2
102632769	2	2	2	2	2	2	2
102632773	1	2	2	2	2	1	2
102632776	2	2	2	2	2	2	2
102632804	3	2	3	2	3	2	3
102632809	2	2	2	2	2	2	2
102632814	1	2	2	2	2	1	2
102632815	2	2	2	2	2	2	2
102632835	2	3	2	2	2	2	2
102632893	2	2	2	2	2	2	2
102632924	2	2	2	2	2	2	2
102632973	2	2	1	2	1	2	2
102632985	2	2	2	2	2	2	2
102633001	2	2	2	2	2	2	2
102633007	2	2	2	2	2	1	2
102633008	2	2	2	2	2	2	2
102633010	2	2	2	2	2	2	2
102633040	2	2	2	2	2	2	2
102633049	2	2	2	2	2	2	2
102633065	2	2	2	2	2	2	2
102633078	2	2	2	2	2	2	2
102633093	2	2	3	2	2	2	3
102633104	2	2	2	2	2	2	2
102633132	2	2	2	2	2	2	2
102633145	2	2	2	2	2	2	2
102633163	2	2	2	2	2	2	2
102633169	3	2	2	2	2	2	4
102633197	2	2	2	2	2	2	2
102633200	2	2	2	2	2	2	2
102633225	2	2	2	2	2	2	2
102633226	2	2	3	2	2	2	3
102633244	2	2	2	2	2	2	2
102633249	2	2	2	2	2	2	2
102633258	1	1	1	2	2	1	1
102633264	2	2	3	2	2	2	3
102633311	3	3	3	2	3	3	3
102633315	2	2	2	2	2	2	2
102633342	2	2	2	2	2	2	2
102633360	2	2	2	2	2	2	2
102633391	3	2	3	2	3	2	3
102633392	2	2	3	2	2	2	3
102633396	2	2	2	2	2	2	2
102633398	2	2	2	2	2	2	3
102633403	2	2	2	2	2	2	2
102633411	2	2	2	2	2	2	2
102633424	2	2	2	2	2	2	2
102633429	1	2	2	2	2	1	2
102633440	7	10	7	3.33182112767336	7	3	10
102633478	2	2	2	2	2	2	2
102633492	2	2	2	2	2	2	2
102633518	2	2	2	2	2	2	3
102633544	2	2	2	2	2	2	2
102633550	2	2	2	2	2	2	2
102633562	2	2	2	2	2	2	2
102633638	2	2	2	2	2	2	2
102633659	1	1	2	2	2	1	2
102633681	2	2	1	2	1	3	2
102633737	2	2	2	2	2	2	2
102633741	1	2	2	2	2	1	2
102633753	2	2	2	2	2	1	2
102633762	3	2	2	2	2	2	3
102633776	2	2	2	2	2	2	2
102633792	2	2	2	2	2	2	2
102633813	3	2	3	2	3	2	3
102633829	3	2	2	2	3	3	2
102633851	3	2	3	2	3	2	3
102633856	1	1	2	2	2	1	2
102633867	2	2	2	2	2	1	2
102633933	4.8	3	7	8	7	2	6
102633939	1	2	2	2	2	1	2
102633966	2	1	2	2	2	1	1
102634000	2	2	2	2	2	2	2
102634001	2	2	2	2	2	2	2
102634039	2	2	3	2	2	2	3
102634054	1	1	2	2	2	1	1
102634079	2	2	2	2	2	2	2
102634085	2	2	2	2	2	2	2
102634099	2	2	2	2	2	3	2
102634101	2	2	2	2	2	1	2
102634134	2	2	2	2	2	2	2
102634161	2	2	2	2	2	2	2
102634208	2	2	2	2	2	1	2
102634211	2	2	2	2	2	2	2
102634251	2	2	2	2	2	2	2
102634252	2	1	2	2	2	1	1
102634274	2	2	2	2	2	2	2
102634280	2	2	2	2	2	2	2
102634284	2	2	2	2	2	2	2
102634303	1	1	1	2	1	1	1
102634339	2	2	2	2	2	2	2
102634384	2	2	3	2	2	2	3
102634405	2	2	2	2	2	3	2
102634410	2	2	2	2	2	2	2
102634417	2	2	2	2	2	2	2
102634482	2	2	2	2	2	1	2
102634503	3	3	3	2	3	3	3
102634521	2	1	2	2	2	1	1
102634523	3	2	2	2	2	2	2
102634531	1	1	1	2	1	1	1
102634532	2	2	3	2	2	2	3
102634541	2	2	2	2	2	2	2
102634580	2	2	2	2	2	2	2
102634633	2	2	2	2	2	2	2
102634639	2	2	2	2	2	1	2
102634646	2	2	2	2	2	3	2
102634652	1	1	1	2	1	1	1
102634656	3	2	3	2	3	2	3
102634664	1	1	2	2	2	1	2
102634667	2	2	2	3	2	2	2
102634685	1	1	2	2	2	1	1
102634713	2	2	2	2	2	2	2
102634715	2	2	2	2	2	1	2
102634718	2	1	2	2	2	1	1
102634737	2	2	2	2	2	2	2
102634793	1	1	2	2	2	1	1
102634815	2	2	2	2	2	2	2
102634869	1	1	1	2	1	1	1
102634887	2	2	2	2	2	3	2
102634906	2	2	3	2	2	2	3
102634913	2	2	2	2	2	2	2
102634941	2	2	2	2	2	3	2
102634943	3	2	3	2	3	2	3
102634946	2	2	2	2	2	2	2
102634966	1	2	1	2	5	1	1
102634986	2	2	2	2	2	2	2
102634991	1	1	2	2	2	1	1
102635012	2	2	3	2	2	2	3
102635059	1	1	2	2	2	1	1
102635071	2	1	2	2	2	1	1
102635110	2	2	2	2	2	2	2
102635124	2	2	2	2	2	1	2
102635129	2	2	2	2	2	2	2
102635138	2	2	1	2	1	3	2
102635144	2	2	2	2	2	2	2
102635155	2	2	2	2	2	2	2
102635167	3	2	2	2	3	3	2
102635182	2	3	2	2	2	2	2
102635189	3	2	3	2	3	2	3
102635268	1	1	2	2	2	1	2
102635278	2	2	2	2	2	2	2
102635280	2	2	2	2	2	2	2
102635308	2	2	2	2	2	2	2
102635324	2	1	2	2	2	1	1
102635335	2	3	2	2	2	2	2
102635363	3	2	2	2	2	2	3
102635391	2	2	2	2	2	2	2
102635395	2	2	2	2	2	1	2
102635402	2	2	2	2	2	2	2
102635408	2	2	2	2	2	2	2
102635426	2	2	2	2	2	2	3
102635427	2	2	2	2	2	2	2
102635455	2	2	2	2	2	2	2
102635464	1	1	2	2	2	1	2
102635467	2	2	2	2	2	2	2
102635493	2	1	2	2	2	1	1
102635539	2	2	2	2	2	2	2
102635549	2	2	2	2	2	2	2
102635565	2	2	2	2	2	2	2
102635580	2	2	1	2	1	3	2
102635603	2	2	2	2	2	2	2
102635616	3	2	2	2	2	2	3
102635625	2	2	3	2	2	2	3
102635635	2	2	2	2	2	2	2
102635638	2	2	2	2	2	2	2
102635639	2	2	2	2	2	1	2
102635643	2	2	2	2	2	3	2
102635659	2	2	3	2	2	2	3
102635671	2	2	2	2	2	2	2
102635685	1	1	2	2	2	1	1
102635702	2	2	2	2	2	2	2
102635743	2	2	2	2	2	2	3
102635746	3	2	2	2	3	3	2
102635763	2	2	2	2	2	2	2
102635764	2	2	2	2	2	2	2
102635789	3	4	3	2	2	2	2
102635795	2	2	2	2	2	3	1
102635801	2	2	2	2	2	2	2
102635804	2	2	2	2	2	2	2
102635805	2	2	2	2	2	2	2
102635831	1	1	1	2	1	1	1
102635844	2	2	2	2	2	2	2
102635858	2	1	1	2	1	2	1
102635873	2	2	2	2	2	2	2
102635877	2	2	2	2	2	2	2
102635915	2	2	2	2	2	1	2
102635928	2	2	1.9004884004884	2.04761904761905	2.0995115995116	3	1
102635943	2	2	2	3	2	2	2
102635948	2	1	2	2	2	3	1
102635972	2	2	3	2	2	2	3
102635975	2	2	2	2	2	2	2
102635976	2	2	2	2	2	2	2
102635989	2	2	2	2	2	3	2
102635993	2	2	2	2	2	2	2
102636015	1	2	2	2	2	1	2
102636019	2	2	2	2	2	2	2
102636026	3	1	2	2	2	1	1
102636036	2	2	2	2	2	2	2
102636037	2	2	2	2	2	2	2
102636039	2	2	2	2	2	2	2
102636046	2	2	2	2	2	2	2
102636055	1	1	2	3	2	1	1
102636085	1	2	2	2	2	1	2
102636128	2	2	2	2	2	2	2
102636145	3	2	3	2	3	2	3
102636207	3	2	2	2	2	2	3
102636274	1	2	1	2	2	1	1
102636280	3	2	3	2	3	2	3
102636335	2	2	2	2	2	2	2
102636343	2	2	2	2	2	2	2
102636361	3	2	3	2	3	2	3
102636366	2	2	2	2	2	2	2
102636405	2	2	2	2	2	2	2
102636424	1	1	1	2	2	1	1
102636445	3	2	2	2	3	3	2
102636454	2	2	2	2	2	2	2
102636458	2	2	2	2	2	2	2
102636483	3	2	2	2	3	3	2
102636500	2	2	2	2	2	2	2
102636520	2	2	2	2	2	2	2
102636541	2	2	2	2	2	2	2
102636545	3	2	3	2	3	2	3
102636547	2	2	3	2	2	2	3
102636549	2	2	2	2	2	2	2
102636562	2	2	2	2	2	2	2
102636615	1	3	1	2	2	1	1
102636621	2	2	2	2	2	2	2
102636637	2	2	2	2	2	2	2
102636658	2	1	2	2	2	12	1
102636673	2	2	2	2	2	3	2
102636676	2	2	2	2	2	2	2
102636682	1	1	1	2	2	1	1
102636721	2	3	2	2	2	2	2
102636738	2	2	2	2	2	1	2
102636743	2	2	2	2	2	2	2
102636789	1	1	1	2	2	1	1
102636790	2	2	2	2	2	2	2
102636799	2	1	2	2	2	1	1
102636825	3	2	3	2	3	2	3
102636831	2	2	2	2	2	2	2
102636905	2	2	3	2	2	2	3
102636916	2	2	2	2	2	2	2
102636919	2	2	2	2	2	1	2
102636982	2	3	2	2	2	2	2
102637024	2	2	2	2	2	2	2
102637027	1	1	2	2	2	1	2
102637048	2	2	2	2	2	2	2
102637056	2	2	2	2	3	2	2
102637077	2	2	2	2	2	1	2
102637085	2	2	2	2	2	2	2
102637101	2	2	3	2	2	2	3
102637133	1	1	1	2	2	1	1
102637159	2	2	2	2	2	2	2
102637227	2	2	2	2	2	2	2
102637230	2	2	2	2	2	2	2
102637233	2	2	2	3	2	2	2
102637254	2	2	2	2	2	2	2
102637256	2	1	2	2	2	1	1
102637267	2	2	2	2	2	2	2
102637271	3	2	2	2	3	3	2
102637304	2	2	2	2	2	2	2
102637329	2	2	2	2	2	2	2
102637333	2	1	2	2	2	1	1
102637334	2	2	2	2	2	2	2
102637349	2	2	2	2	2	2	2
102637355	3	2	2	2	2	2	3
102637363	2	2	2	2	2	2	2
102637379	2	2	2	2	2	2	2
102637382	2	2	2	2	2	2	3
102637405	3	2	3	2	3	2	3
102637410	2	1	2	2	2	1	1
102637419	2	2	2	2	2	2	2
102637427	3	4	4	2	2	2	2
102637435	1	3	1	2	2	1	1
102637456	3	2	2	2	3	3	2
102637529	2	2	2	3	2	2	2
102637530	2	2	2	2	2	2	2
102637538	2	2	2	2	2	2	3
102637539	2	2	2	2	2	2	3
102637543	2	2	2	2	2	2	2
102637545	2	2	2	2	2	2	2
102637555	2	3	2	2	2	2	2
102637582	2	2	2	3	2	2	2
102637603	2	2	2	2	2	2	2
102637604	3	2	2	2	3	3	2
102637607	2	2	2	2	2	2	2
102637643	2	2	2	2	2	2	2
102637658	2	2	2	2	2	2	2
102637660	3	2	3	2	3	2	3
102637673	2	2	2	2	2	2	3
102637687	2	1	2	2	2	1	1
102637699	2	2	3	2	2	2	3
102637732	2	3	2	2	2	2	2
102637733	1	1	1	2	1	1	1
102637748	2	2	2	2	2	2	3
102637779	2	2	2	2	2	2	2
102637790	2	2	2	2	2	2	2
102637870	2	2	2	2	2	2	2
102637893	2	2	3	2	2	2	3
102637932	2	1	2	2	2	12	1
102637960	3	2	3	2	3	2	3
102637961	2	2	3	2	2	2	3
102637967	2	2	2	2	2	2	2
102637973	2	2	2	2	2	2	2
102637983	2	2	1	2	1	3	2
102637993	2	2	2	2	2	3	2
102638016	3	2	2	2	3	3	2
102638095	2	2	2	2	2	2	2
102638124	2	1	2	2	2	1	1
102638132	2	2	2	2	2	2	2
102638137	3	2	2	2	3	3	2
102638146	2	2	2	2	2	2	2
102638167	2	2	2	2	2	2	2
102638178	2	2	2	2	2	2	2
102638187	3	2	3	2	2	2	1
102638257	2	2	2	2	2	3	2
102638277	2	1	2	2	2	1	1
102638281	2	2	2	2	2	2	2
102638285	2	2	2	2	2	2	2
102638293	2	1	2	2	2	1	1
102638318	2	2	2	2	2	2	2
102638337	2	2	2	2	2	2	2
102638353	2	2	2	2	2	2	2
102638366	2	2	2	2	2	2	2
102638380	2	2	2	2	2	2	2
102638381	1	1	1	2	1	1	1
102638405	2	2	2	2	2	2	2
102638426	2	2	3	2	2	2	3
102638477	2	2	2	2	2	2	2
102638492	1	2	1	2	2	1	1
102638544	2	2	2	3	2	2	2
102638555	2.72995090016367	2.8657937806874	2.72995090016367	3	2.0556464811784	3	3
102638566	2	2	2	2	2	2	2
102638567	2	2	2	2	2	1	2
102638568	2	2	2	2	2	2	2
102638580	1	1	1	2	2	1	1
102638584	3	2	3	2	3	2	3
102638640	3	5	4	2	2	2	2
102638658	2	2	2	2	2	2	2
102638659	2	2	2	2	2	2	2
102638667	2	2	2	2	2	2	3
102638709	3	2	2	2	3	3	2
102638714	3	5	4	2	2	2	2
102638724	2	2	3	2	2	2	3
102638772	2	2	2	2	2	2	2
102638777	2	2	2	2	2	2	3
102638783	2	2	2	2	2	2	2
102638792	2	1	2	2	2	1	1
102638797	1	2	1	2	2	1	1
102638802	1	1	1	2	1	1	1
102638836	2	2	2	2	2	2	2
102638841	2	1	2	2	2	1	1
102638863	2	1	2	2	2	1	1
102638873	2	2	2	3	2	2	2
102638874	1	1	1	2	1	1	1
102638876	3	2	3	2	3	2	3
102638913	3	2	2.23801369863014	2	3	2	3
102638941	2	2	2	2	2	3	2
102638943	2	2	2	2	2	2	2
102638967	3	2	2	2	3	3	2
102638976	2	2	2	2	2	2	2
102638977	2	2	2	2	2	2	2
102638993	2	1	2	2	2	1	1
102639000	2	2	2	2	2	2	2
102639033	3	2	3	2	3	2	3
102639042	2	2	2	2	2	2	2
102639048	3	2	2	2	3	3	2
102639064	3	2	3	2	3	2	3
102639074	2	2	2	2	2	2	2
102639078	2	2	2	2	2	2	2
102639082	2	2	2	2	2	3	2
102639139	2	2	2	3	2	2	2
102639149	2	2	2	2	2	2	2
102639151	2	2	2	2	2	3	2
102639154	2	1	2	2	2	1	1
102639179	3	2	2	2	3	3	2
102639193	2	2	2	2	2	3	2
102639205	2	2	3	2	2	2	3
102639214	2	2	2	2	2	2	3
102639226	2	2	2	2	2	2	2
102639229	2	1	2	2	2	1	1
102639247	1	1	2	2	2	1	2
102639248	2	2	2	2	2	2	2
102639259	2	2	1	2	1	2	2
102639285	2	2	2	2	2	1	2
102639287	2	2	2	2	2	3	2
102639344	2	2	3	2	2	2	3
102639348	2	2	2	2	2	2	2
102639367	1	1	2	3	2	1	1
102639369	2	2	2	2	2	2	2
102639373	2	2	2	3	2	2	2
102639399	3	4	4	2	2	2	2
102639496	2	2	2	2	2	2	2
102639507	3	2	2	2	3	3	2
102639542	1	1	2	2	2	1	2
102639550	2	2	2	2	2	1	2
102639582	2	2	2	2	2	2	3
102639587	2	2	2	2	2	2	2
102639612	1	2	2	2	2	1	2
102639616	2	2	2	2	2	2	2
102639620	2	2	2	2	2	2	2
102639635	1	3	1	2	2	1	1
102639645	2	2	3	2	2	2	3
102639667	1	2	1	2	2	1	1
102639716	2	2	2	2	2	2	2
102639724	2	2	3	2	2	2	3
102639762	2	2	2	2	2	2	2
102639766	2	2	2	2	2	2	2
102639774	2	2	2	2	2	2	2
102639779	2	2	2	2	2	2	2
102639813	2	2	2	2	2	2	2
102639814	2	2	2	2	2	2	2
102639830	1	1	1	2	1	2	1
102639883	2	2	2	2	2	1	2
102639905	2	2	3	2	2	2	3
102639924	3	2	2	2	3	3	2
102639982	2	2	2	2	2	2	2
102639984	2	2	2	2	2	2	2
102639986	1	2	2	2	2	1	2
102639987	2	2	2	2	2	2	2
102639996	2	2	2	2	2	1	2
102640002	1	3	1	2	2	1	1
102640009	2	2	2	2	2	2	2
102640014	3	2	3	2	3	2	3
102640026	1	2	2	2	2	2	2
102640046	2	1	2	2	2	1	1
102640047	3	2	2	2	2	2	3
102640060	2	2	3	2	2	2	3
102640071	2	2	2	2	2	2	3
102640077	2	2	2	2	2	2	2
102640089	2	2	2	2	2	2	2
102640093	2	2	2	2	2	2	2
102640105	2	2	2	2	2	2	2
102640113	2	1	2	2	2	1	1
102640147	2	2	2	2	2	2	2
102640217	2	2	2	2	2	2	2
102640229	1	1	1	2	2	1	1
102640246	2	2	2	2	2	2	2
102640266	1	1	1	2	1	1	1
102640283	3	2	2	2	3	3	2
102640299	1	1	1	2	2	1	1
102640312	2	2	2	2	2	2	2
102640343	2	2	2	2	2	2	2
102640356	2	2	2	2	2	1	2
102640368	2	2	2	3	2	2	2
102640376	2	2	3	2	2	2	3
102640389	2	2	2	2	2	2	3
102640438	2	2	2	2	2	3	2
102640439	1	3	1	2	2	1	1
102640465	2	2	2	2	2	2	2
102640477	2	2	2	3.77153920619555	2	2	2
102640478	2	3	2	2	2	2	2
102640482	2	2	2	2	2	2	2
102640484	2	2	3	2	2	2	3
102640494	2	2	2	2	2	2	2
102640505	1	1	1	2	1	2	1
102640506	2	2	2	12	2	2	2
102640584	2	2	2	2	2	2	2
102640590	2	2	2	2	2	2	2
102640603	2	2	2	2	2	3	2
102640604	1	1	2	3	2	1	2
102640622	2	2	3	2	2	2	3
102640683	2	2	1	2	1	3	2
102640697	1	1	1	2	1	1	1
102640699	2	2	3	2	2	2	3
102640754	2	2	2	2	2	2	2
102640755	2	2	2	2	2	2	2
102640757	2	2	2	2	2	2	2
102640791	1	1	2	2	2	1	1
102640801	2	2	2	2	2	2	2
102640806	1	1	2	2	2	2	2
102640807	3	2	3	2	3	2	3
102640814	2	2	2	2	2	2	2
102640854	2	2	2	2	2	2	2
102640886	3	2	3	2	3	2	3
102640910	3	4	3	2	2	2	2
102640924	1	1	2	2	2	2	2
102640926	3	2	3	2	3	2	3
102640959	2	2	2	2	2	2	2
102640961	2	2	2	2	2	2	2
102640984	2	1	2	2	2	1	1
102640985	2	2	2	2	2	2	2
102640994	2	2	2	2	2	2	2
102641081	3	3	3	2	3	3	3
102641105	2	2	2	2	2	2	2
102641157	3	2	2	2	2	2	2
102641346	3	2	3	2	3	2	3
102641637	2	2	2	3	2	2	2
102642435	3	2	3	2	3	2	3
102642644	2	2	2	2	2	2	3
102642652	2	2	2	2	2	2	2
102642773	2	2	2	3	2	2	2
102642900	2	2	2	2	2	2	2
102643076	3	2	2	2	3	3	2
102643127	2	2	2	2	2	2	2
102902673	1	1	2	2	2	2	2
103140	2	2	2	2	2	1	2
103505	2	2	2	2	2	1	2
103534	2	2	2	2	2	2	2
103694	2	2	2	2	2	2	2
103733	2	2	2	2	2	2	2
103964	3	2	3	2	3	2	3
104103	3	2	2	2	3	3	2
104183	2	2	2	2	2	2	2
104184	2	2	2	2	2	2	2
104215	3	2	2	2	3	3	2
104348	2	2	2	2	2	2	2
104662	2	2	2	2	2	2	2
104732	3	2	2	2	2	2	3
104771	3	2	2	2	2	2	3
104932	3	2	2	2	2	2	3
105120	1	1	1	2	1	1	1
105242409	2	2	2	3	2	2	2
105242415	3	2	3	2	3	2	3
105242446	3	2	2	2	2	2	2
105242534	2	3	2	2	2	2	2
105242546	2	3	2	2	2	2	2
105242548	2	3	2	2	2	2	2
105242578	2	3	2	2	2	2	2
105242604	3	2	3	2	3	2	3
105242627	3	2	3	2	3	2	3
105242642	3	2	3	2	3	2	3
105242675	3	2	3	2	3	2	3
105242677	3	2	3	2	3	2	3
105242692	3	2	3	2	3	2	3
105242696	3	2	3	2	3	2	3
105242726	3	2	3	2	3	2	3
105242731	3	2	3	2	3	2	3
105242744	3	2	3	2	3	2	3
105242769	3	2	3	2	3	2	3
105242773	3	2	3	2	3	2	3
105242794	3	2	3	2	3	2	3
105242836	2	2	2	2	2	2	2
105242854	2	1	2	2	2	1	1
105242889	2	1	2	2	2	1	1
105242890	2	2	2	2	2	2	2
105242904	2	2	2	2	2	2	2
105242936	2	1	2	2	2	1	1
105242939	2	1	2	2	2	1	1
105242980	2	1	2	2	2	1	1
105243063	2	1	2	2	2	1	1
105243086	2	1	2	2	2	3	1
105243101	2	1	2	2	2	12	1
105243113	2	2	2	2	2	2	2
105243123	2	2	2	2	2	2	2
105243154	2	2	2	2	2	2	2
105243175	2	2	2	2	2	2	2
105243177	2	2	2	2	2	2	2
105243196	2	2	2	2	2	2	2
105243311	2	2	2	2	2	2	2
105243314	2	2	2	2	2	2	2
105243330	2	2	2	2	2	2	2
105243340	2	2	2	2	2	2	2
105243350	2	2	2	2	2	2	2
105243390	2	2	2	2	2	2	3
105243391	2	2	2	2	2	2	3
105243403	2	2	2	2	2	2	2
105243420	2	2	2	2	2	2	3
105243447	2	2	2	2	2	2	2
105243473	2	2	2	2	2	2	2
105243487	2	2	2	2	2	2	2
105243502	2	2	2	2	2	2	2
105243524	2	2	2	2	2	2	2
105243527	2	2	2	2	2	2	2
105243544	2	2	2	2	2	2	2
105243553	2	2	2	2	2	2	2
105243585	2	2	2	2	2	2	2
105243646	2	2	2	2	2	2	2
105243648	2	2	1	2	1	3	2
105243723	2	2	1	2	1	3	2
105243724	2	2	1	2	1	3	2
105243734	2	2	1	2	1	2	2
105243735	2	2	1	2	1	2	2
105243851	2	2	2	2	2	2	2
105243885	2	2	2	2	2	2	2
105243888	2	2	2	2	2	2	2
105243918	2	2	2	2	2	2	2
105243926	2	2	2	2	2	2	2
105243931	2	2	2	2	2	2	2
105243936	2	2	2	2	2	2	2
105243985	2	2	2	2	2	2	2
105244002	2	2	2	2	2	2	2
105244049	2	2	2	2	2	2	2
105244056	2	2	2	2	2	2	2
105244077	2	2	2	2	2	2	2
105244101	2	2	2	2	2	2	2
105244118	2	2	2	2	2	2	2
105244127	2	2	2	2	2	2	2
105244145	2	2	2	2	2	2	2
105244153	2	2	2	2	2	2	2
105244188	2	2	2	2	2	2	2
105244230	2	2	2	2	2	2	2
105244236	2	2	2	2	2	2	2
105244250	2	2	2	2	2	2	2
105244268	2	2	2	2	2	2	2
105244312	2	2	2	2	2	2	2
105244359	2	2	2	2	2	2	2
105244365	2	2	2	2	2	2	2
105244373	2	2	2	2	2	2	2
105244383	2	2	2	2	2	2	2
105244388	2	2	2	2	2	2	2
105244416	2	2	2	2	2	2	2
105244419	2	2	2	2	2	2	2
105244450	2	2	2	2	2	2	2
105244455	2	2	2	2	2	2	2
105244458	2	2	2	2	2	2	2
105244459	2	2	2	2	2	2	2
105244479	2	2	2	2	2	2	2
105244487	2	2	2	2	2	2	2
105244512	2	2	2	2	2	2	2
105244519	2	2	2	2	2	2	2
105244545	2	2	2	2	2	2	2
105244562	2	2	2	2	2	2	2
105244580	2	2	2	2	2	2	2
105244610	2	2	2	2	2	2	2
105244647	2	2	2	2	2	2	2
105244662	2	2	2	2	2	2	2
105244671	2	2	2	2	2	3	2
105244677	2	2	2	2	2	3	2
105244678	2	2	2	2	2	3	2
105244685	2	2	2	2	2	3	2
105244700	2	2	2	2	2	3	2
105244712	3	5	4	2	2	2	2
105244729	3	4	3	2	2	2	2
105244735	2	2	2	2	2	2	2
105244739	2	2	2	2	2	2	2
105244748	2	2	2	2	2	2	2
105244761	2	2	2	2	2	2	2
105244769	2	3	2	2	2	2	2
105244778	2	3	2	2	2	2	2
105244791	2	3	2	2	2	2	2
105244808	2	3	2	2	2	2	2
105244828	2	2	2	2	2	2	2
105244878	3	2	3	2	3	2	3
105244916	3	2	2	2	2	2	3
105244921	3	2	2	2	2	2	3
105244922	3	2	2	2	2	2	3
105244944	2	2	2	3	2	2	2
105245025	2	2	2	2	2	2	2
105245061	3	2	2	2	2	2	3
105245082	2	2	2	2	2	2	2
105245110	2	2	2	2	2	2	2
105245123	2	2	2	2	2	1	2
105245139	2	2	2	2	2	1	2
105245149	2	2	2	2	2	1	2
105245180	2	2	2	2	2	1	2
105245182	2	2	2	2	2	1	2
105245187	2	2	2	2	2	1	2
105245196	2	2	2	2	2	1	2
105245197	2	2	2	2	2	1	2
105245265	2	2	2	2	2	1	2
105245277	2	2	2	2	2	2	2
105245351	2	2	2	2	2	2	2
105245398	1	3	1	2	2	1	1
105245401	1	3	1	2	2	1	1
105245466	1	3	1	2	2	1	1
105245478	1	1	1	2	2	1	1
105245508	1	1	1	2	2	1	1
105245526	1	1	1	2	1	1	1
105245534	1	1	1	2	1	1	1
105245543	2	2	2	2	2	3	2
105245561	1	1	1	2	1	1	1
105245578	1	2	1	2	1	2	1
105245607	1	1	1	2	1	1	1
105245612	1	1	1	2	1	1	1
105245626	1	1	1	2	1	1	1
105245643	1	1	1	2	1	1	1
105245652	1	1	1	2	1	1	1
105245684	2	2	3	2	2	2	3
105245691	2	2	3	2	2	2	3
105245735	2	2	2	2	2	2	3
105245749	2	2	3	2	2	2	3
105245789	2	2	3	2	2	2	3
105245816	2	2	3	2	2	2	3
105245847	2	2	3	2	2	2	3
105245876	2	2	2	3	2	2	2
105245923	2	2	2	3	2	2	2
105245929	2	2	2	3	2	2	2
105245944	2	2	2	2	2	2	2
105245978	2	2	2	2	2	2	2
105246023	2	2	2	2	2	2	2
105246035	2	2	2	2	2	2	2
105246058	1	1	2	2	2	1	2
105246080	1	1	2	2	2	1	2
105246105	1	1	2	2	2	1	2
105246110	1	1	2	2	2	1	2
105246118	1	2	2	2	2	1	2
105246162	1	2	2	2	2	1	2
105246221	3	2	2	2	3	3	2
105246225	3	2	2	2	3	3	2
105246247	3	2	2	2	3	3	2
105246273	3	2	2	2	3	3	2
105246277	3	2	2	2	3	3	2
105246280	3	2	2	2	3	3	2
105246282	3	2	2	2	3	3	2
105246308	3	2	2	2	3	3	2
105246311	3	2	2	2	3	3	2
105246320	3	2	2	2	3	3	2
105246325	3	2	2	2	3	3	2
105246370	2	2	2	2	2	2	2
105246379	2	2	2	2	2	2	2
105246381	2	2	2	2	2	2	2
105246385	2	2	2	2	2	2	2
105246395	2	2	2	2	2	2	2
105246405	2	2	2	2	2	2	2
105246473	2	2	2	2	2	2	2
105246480	2	2	2	2	2	2	2
105246506	2	2	2	2	2	2	2
105246512	2	2	2	2	2	2	2
105246514	2	2	2	2	2	2	2
105246519	2	2	2	2	2	2	2
105246520	2	2	2	2	2	2	2
105246558	1	1	2	2	2	1	1
105246564	1	1	2	2	2	1	1
105246611	1	1	2	2	2	1	1
105246689	2	2	2	2	2	2	2
105246693	2	2	2	2	2	2	2
105246714	2	2	2	3	2	2	2
105246727	2	2	2	2	2	2	2
105246757	2	2	2	2	2	2	2
105246777	2	2	2	2	2	2	2
105246818	2	2	2	2	2	2	2
105246883	2	2	2	2	2	2	2
105246895	2	2	2	2	2	2	2
105246913	2	2	2	2	2	2	2
105246926	2	2	2	2	2	2	2
105246935	2	2	2	2	2	2	2
105246964	2	2	2	2	2	2	2
105247055	2	2	2	2	2	2	2
105247058	2	2	2	2	2	2	2
105247059	2	2	2	2	2	2	2
105247090	2	2	2	2	2	2	2
105247105	2	2	2	2	2	2	2
105247113	2	2	2	2	2	2	2
105247114	2	2	2	2	2	2	2
105247122	2	2	2	2	2	2	2
105247124	2	2	2	2	2	2	2
105247131	2	2	2	2	2	2	2
105247132	2	2	2	2	2	2	2
105247138	2	2	2	2	2	2	2
105247146	2	2	2	2	2	2	2
105247190	2	2	2	2	2	3	2
105247194	2	2	2	2	2	3	2
105247254	2	1	2	2	2	1	1
105247257	2	2	2	2	2	1	1
105450	2	2	3	2	2	2	3
105866	2	2	2	2	2	2	2
106143	1	2	2	2	2	1	2
106572	3	2	2	2	3	3	2
106672	3	2	2	2	3	3	2
107358	1	1	2	2	2	1	1
107368	1	1	2	2	2	1	1
107435	2	2	2	2	2	2	2
107566	2	2	2	2	2	2	2
107626	2	2	1.18471872376154	4.84466834592779	2	3	2
107995	2	2	2	2	2	3	2
108014	2	2	2	2	2	2	2
108705	2	2	2	2	2	1	2
108803	2	2	2	2	2	2	2
108956	2	2	2	1	2	2	2
109145	2	2	2	2	2	2	2
109212	2	2	2	2	2	2	2
109280	2	2	2	2	2	2	3
109304	2	2	1	2	1	2	2
109637	2	1	2	2	2	1	1
109731	2	2	1	2	1	2	2
110115	2	2	2	2	2	2	2
110135	2	2	2	2	2	2	2
110308	2	2	2	2	2	2	2
110954	2	2	1	2	1	3	2
111175	2	2	2	2	2	2	2
112407	3	2	2	2	2	2	3
11363	2	2	2	2	2	2	2
11364	2	2	2	2	2	2	2
113855	3	2	3	2	3	2	3
11409	2	2	2	2	2	2	2
114228	3	2	3	2	3	2	3
114332	2	1	2	2	2	1	1
11459	2	2	2	2	2	2	2
114615	2	2	2	2	2	2	2
11468	3	2	3	2	3	2	3
11522	2	2	2	2	2	2	2
11548	2	2	2	2	2	2	2
11576	2	2	2	2	2	2	2
11602	2	2	2	2	2	2	2
11607	1	3	1	2	2	1	1
11610	2	2	2	2	2	3	2
11622	3	2	2	2	2	2	2
11643	2	2	1	2	1	2	2
11648	2	2	2	2	2	2	2
11668	1	1	2	3	2	1	1
116701	2	2	2	2	2	2	2
116849	2	2	2	2	2	2	2
11690	2	3	2	2	2	2	2
116905	2	2	2	2	2	2	2
11692	3	2	2	2	3	3	2
11702	2	2	2	2	2	1	2
11705	2	2	2	2	2	2	2
11754	2	2	2	2	2	2	2
117599	2	2	2	2	2	2	2
11821	2	2	2	2	2	2	2
11831	2	2	2	2	2	2	2
11833	2	1	2	2	2	1	1
11837	2	2	2	2	2	2	2
11840	2	2	2	2	2	2	2
11843	2	2	3	2	2	2	3
11844	3	2	3	2	3	2	3
11848	2	2	2	2	2	2	3
11853	2	2	2	2	2	2	2
11947	2	2	2	2	2	3	2
11966	2	2	2	2	2	2	2
11983	2	2	2	2	2	3	2
12033	3	2	2	2	2	2	2
12062	3	2	2	2	2	2	3
12096	2	2	2	2	2	2	2
12183	3	2	3	2	3	2	3
12215	2	2	2	2	2	2	2
12308	2	2	2	2	2	2	2
12319	2	2	2	2	2	2	2
12338	2	2	1	2	1	3	2
12362	2	2	2	2	2	2	2
12390	3	2	3	2	3	2	3
12409	2	2	2	2	2	2	2
12417	3	2	3	2	3	2	3
12460	1	1	2	2	2	2	2
12496	2	2	2	2	2	2	2
12502	2	2	2	2	2	2	3
12526	3	2	3	2	3	2	3
12571	2	2	2	12	2	2	2
12572	1	1	1	2	1	1	1
12613	2	2	2	2	2	2	2
12649	2	2	2	2	2	2	2
12652	3	2	2	2	2	2	3
12702	2	2	2	2	2	2	2
12767	2	2	2	3	2	2	2
12773	2	2	2	2	2	2	2
12795	2	2	2	2	2	3	2
12798	2	2	2	2	2	2	2
12799	2	2	2	2	2	2	2
12812	2	2	2	2	2	2	2
12857	2	2	2	2	2	2	2
12896	2	2	2	2	2	2	2
12909	2	3	2	2	2	2	2
12925	3	2	2	2	2	2	3
12968	2	2	2	2	2	2	2
12970	1	1	2	2	2	1	2
12985	2	2	2	2	2	2	2
13072	2	2	2	2	2	2	2
13074	1	1	2	2	2	1	2
13086	2	1	2	2	2	1	1
13087	2	1	2	2	2	1	1
13090	2	1	2	2	2	1	1
13120	2	2	2	2	2	2	2
13121	2	2	2	12	2	2	2
13166	2	2	2	2	2	2	2
13167	2	2	2	2	2	2	2
13198	2	2	2	2	2	3	2
13447	2	2	2	2	2	2	2
13511	2	2	2	2	2	2	2
13555	2	2	2	2	2	2	2
13589	2	2	2	2	2	2	2
13615	2	2	2	2	2	3	2
13629	2	2	2	2	2	2	2
13646	2	1	2	2	2	1	1
13706	2	2	2	2	2	3	2
13713	2	2	2	2	2	1	2
13716	2	2	2	2	2	2	2
13722	2	2	2	2	2	2	2
13723	1	1	1	2	1	1	1
13726	2	2	1	2	1	3	2
13731	1	1	2	2	2	1	2
13732	2	1	2	2	2	1	1
13877	3	2	2	2	2	2	4
14029	2	2	2	2	2	2	2
140477	2	2	2	2	2	2	2
140484	2	2	2	2	2	2	2
14066	2	2	2	2	2	2	2
14071	2	2	1	2	1	2	2
14073	2	2	2	2	2	2	2
140743	2	2	3	2	2	2	3
140806	2	2	3	2	2	2	3
14125	2	2	2	3	2	2	2
14132	2	1	2	2	2	1	1
14178	2	2	2	2	2	2	2
14194	2	2	2	2	2	2	2
14204	2	1	2	2	2	1	1
14226	3	4	2	2	2	2	2
14262	2	2	2	2	2	2	2
14300	2	2	2	2	2	2	2
14343	2	1	2	2	2	1	1
14344	2	1	2	2	2	1	1
14419	1	1	2	2	2	2	4
14456	2	2	2	2	2	2	2
14464	2	2	2	2	2	2	2
14526	2	2	2	2	2	2	2
14531	2	2	2	2	2	2	2
14548	3	2	3	2	3	2	3
14555	2	2	2	2	2	2	2
14566	2	2	2	2	2	2	2
14582	2	2	2	2	2	2	2
14587	2	2	2	2	2	2	2
14599	2	2	2	2	2	2	2
14645	2	2	2	2	2	2	2
14652	3	2	2	2	3	3.70135135135135	2.35067567567568
14670	3	2	2	2	3	3	2
14677	2	2	2	2	2	2	2
14695	3	2	3	2	3	2	3
14711	3	2	2	2	3	3	2
14714	2	2	3	2	2	2	3
14738	2	3	2	2	2	2	2
14747	2	2	2	2	2	2	2
14782	2	2	2	2	2	2	2
14827	2	2	2	2	2	2	2
14873	1	1	2	2	2	1	1
14938	1	1	1	2	1	1	1
14945	1	1	1	2	1	1	1
14985	3	2	2	2	3	3	2
14991	3	2	2	2	3	3	2
14998	3	2	2	2	3	3	2
15000	3	2	2	2	3	3	2
15024	3	2	2	1	3	5	3
15108	2	2	1	2	1	3	2
15112	2	2	2	2	2	2	2
15163	1	1	2	2	2	1	2
15200	2	2	2	2	2	2	2
15205	1	1	2	2	2	1	2
15206	2	2	2	2	2	3	2
15212	1	1	1	2	1	1	1
15223	2	2	2	2	2	2	2
15331	2	2	2	2	2	3	2
15364	2	2	2	2	2	2	2
15368	2	2	2	2	2	2	2
15376	2	2	2	2	2	2	2
15394	3	2	3	2	3	2	3
15397	3	2	3	2	3	2	3
15439	2	2	2	2	2	2	2
15446	2	2	2	2	2	2	2
15452	2	2	1	2	1	3	2
15458	2	1	2	2	2	1	1
15465	3	2	3	3	3	2	3
15512	3	2	2	2	2	2	4
15529	2	2	2	2	2	2	2
15557	1	2	2	2	2	1	2
15953	2	2	2	2	2	2	2
15959	2.82074752097635	3.79392321383168	5.64149504195271	2.91037376048818	4.73112128146453	4.90859394863971	5.41584032545131
16008	2	2	2	2	2	2	2
16009	2	2	2	2	2	2	2
16153	2	2	2	3	2	2	2
16154	2	2	2	2	2	2	3
16156	2	1	2	2	2	1	1
16176	2	2	2	2	2	2	2
16189	2	2	2	2	2	2	2
16196	2	2	2	2	2	2	2
16447	2	2	2	2	2	2	2
16470	2	2	2	2	2	2	2
16500	2	2	2	2	2	2	2
16508	3	2	3	2	3	2	3
16525	2	2	2	2	2	2	2
16541	2	1	2	2	2	1	1
16543	3	2	3	2	3	2	3
16580	3	2	2	2	3	3	2
16588	2	2	2	2	2	2	2
16600	2	2	2	2	2	2	2
16617	2	1	2	2	2	1	1
16628	3	2	3	2	3	2	2
16631	3	2	3	2	3	2	2
16638	3.98441190363722	2	2.74397732640529	3	3	1.74397732640529	4.47661785545583
16660	2	2	2	2	2	2	2
16663	2	2	2	2	2	2	2
16665	2	2	2	2	2	2	2
16668	2	2	2	2	2	2	2
16691	2	2	2	2	2	2	2
16770	2	2	2	2	2	2	2
16816	2	2	2	2	2	2	2
16846	3	2	3	2	3	2	3
16854	2	2	3	2	2	2	3
16869	2	2	2	2	2	2	2
16873	2	2	2	2	2	2	2
16911	2	2	2	2	2	2	2
16949	2	2	2	2	2	2	3
16950	3	2	3	2	3	2	3
17035	2	2	2	2	2	2	2
170439	2	2	2	2	2	2	2
170441	2	2	2	2	2	2	2
170706	2	2	2	2	2	2	2
17071	2	2	2	2	2	2	2
170834	1	1	2	2	2	1	1
170942	3.84016678248784	1.46004169562196	2.16122307157748	5.76025017373176	3.66851980542043	2.79221681723419	2
170947	2	2	2	2	2	2	2
17113	3	2	3	2	3	2	3
171194	3	2	3	2	3	2	3
17125	2	2	2	2	2	2	2
17138	2	2	1	2	1	2	2
17153	2	2	2	2	2	2	2
17156	2	2	2	2	2	2	2
17161	2	2	1	2	1	2	2
17184	2	2	2	2	2	2	2
17188	2	1	2	2	2	1	1
17189	2	2	2	2	2	2	2
17195	1	1	2	2	2	1	1
17203	2	2	2	2	2	2	2
17225	2	2	3	2	2	2	3
17228	2	2	3	2	2	2	3
17231	2	2	3	2	2	2	3
17252	3	2	2	2	2	2	4
17349	2	2	2	2	2	2	2
17387	2	2	3	2	2	2	3
17388	2	2	2	2	2	2	2
17389	2	2	2	2	2	2	2
17391	2	2	2	2	2	2	2
17392	2	2	2	2	2	2	2
17394	2	2	2	2	2	2	2
17448	2	3	2	2	2	2	2
17476	1	1	2	2	2	1	1
17528	2	2	2	2	2	2	2
17532	2	2	2	2	2	2	2
17681	2	2	2	2	2	2	2
17688	3	2	2	2	3	3	2
17691	3	2	2	2	3	3	2
17714	2	2	2	2	2	2	2
17749	2	2	2	2	2	2	2
17773	2	2	2	2	2	2	2
17857	1	2	2	2	2	1	2
17937	2	2	2	2	2	3	2
17973	2	2	2	2	2	2	3
17974	2	2	2	2	2	2	2
18024	2	2	2	2	2	2	2
18102	2	2	2	2	2	2	2
18104	2	2	2	2	2	2	2
18155	2	2	3	2	2	2	3
18164	2	2	2	2	2	2	2
18194	2	2	1	2	1	2	2
18209	3	2	2	2	3	3	2
18232	2	2	2	2	2	2	2
18356	2	2	2	2	2	2	2
18386	2	2	2	2	2	3	2
18405	2	2	2	2	2	2	2
18478	2	2	2	2	2	1	2
18559	2	2	2	2	2	2	2
18570	1	1	1	2	1	1	1
18591	2	2	2	2	2	2	2
18610	2	2	2	2	2	2	2
18611	2	2	2	3	2	2	2
18619	2	2	2	2	2	2	2
18630	2	2	1	2	1	2	1
18667	2	2	2	2	2	2	2
18673	2	2	2	2	2	2	2
18722	2	1	2	2	2	1	1
18738	2	2	2	2	2	2	2
18767	2	2	2	2	2	2	2
18780	2	2	2	2	2	3	2
18782	2	2	2	2	2	3	2
18787	2	3	2	2	2	2	2
18811	1.74892703862661	4.24678111587983	2.49785407725322	2.74892703862661	2.74892703862661	2.45922746781116	1.60987124463519
18812	6.29523440526928	5	5	11	10	1.63386284385897	5
18946	1	1	2	2	2	1	1
18949	3	2	2	2	2	2	3
18950	2	2	3	2	2	2	3
18985	2	2	2	2	2	2	2
19035	2	2	2	2	2	2	3
19045	1	1	2	2	2	2	4
19046	2	2	2	2	2	2	2
19114	1	3	1	2	2	1	1
19170	3	2	2	2	3	3	2
19172	2	2	2	2	2	2	2
19175	2	2	2	2	2	2	2
192170	2	2	2	2	2	2	2
192199	2	2	2	2	2	3	2
19241	2	2	1	2	1	2	2
192650	2	2	2	2	2	2	2
19294	2	1	2	2	2	1	1
19296	2	2	2	2	2	2	2
193003	2	2	2	2	2	2	2
19326	3	2	2	2	3	3	2
19400	2	2	2	2	2	2	2
19692	3	2	3	2	3	2	3
19696	2	2	2	2	2	2	2
19734	2	2	2	2	2	2	2
19895	3	2	3	2	3	2	3
19899	2	1	2	2	2	1	1
19989	2	2	2	2	2	2	2
20021	2	2	2	2	2	2	2
20102	2	2	1	2	1	3	2
20103	2	1	2	2	2	1	1
20115	3	2	2	2	2	2	2
20116	2	2	2	2	2	3	2
20135	3	2	2	2	2	2	2
20202	2	2	2	2	2	2	2
20204	2	2	2	2	2	2	2
20229	2	2	1	2	1	2	2
20262	2	2	2	2	2	2	2
20276	3	2	3	2	3	2	3
20290	2	2	2	2	2	2	2
20335	2	2	2	2	2	2	2
20342	2	2	2	2	2	2	2
20345	2	2	2	2	2	2	2
20419	2	2	2	2	2	2	2
20423	2	2	2	2	2	2	2
20438	2	2	1	2	1	2	2
20445	2	2	2	2	2	2	2
20448	2	2	2	2	2	2	2
20452	2	2	2	2	2	2	2
20474	3	2	2	2	2	2	3
20479	2	2	2	2	2	2	2
20501	2	2	2	2	2	2	2
20530	2	2	2	2	2	2	2
20532	3	2	2	2	3	3	2
20606	2	2	2	2	2	2	2
20639	2	2	2	2	2	2	2
20643	2	2	2	4	2	3	2
20648	2	2	2	2	2	2	2
20650	2	2	2	2	2	2	2
20686	2	2	2	2	2	2	2
20687	2	2	2	2	2	2	2
20689	2	2	2	2	2	2	2
20700	3	2	2	2	2	2	3
20709	1	3	1	2	2	1	1
20717	3	2	2	2	2	2	3
207175	2	2	2	2	2	2	2
207215	1	1	2	2	2	1	2
20728	2	2	2	2	2	1	2
207474	2	2	1	2	1	2	2
20775	2	2	2	2	2	2	2
207952	2	1	2	2	2	1	1
20821	2	1	2	2	2	1	1
20832	2	2	1	2	1	3	2
208760	2	2	2	3	2	2	2
20888	3	2	2	2	3	3	2
209011	2	2	2	2	2	2	2
209232	2	2	2	2	2	2	2
20932	2	2	2	2	2	2	2
209416	2	2	1	2	1	3	2
210105	2	1	2	2	2	1	1
210145	2	1	2	2	2	1	1
210198	2	2	2	2	2	1	2
210583	2	2	2	1	2	2	2
210853	3	2	2	2	3	3	2
211798	2	2	2	2	2	2	2
211924	2	2	2	2	2	2	2
212168	2	2	2	2	2	2	2
212392	2	2	2	2	2	2	2
213171	3	2	2	2	3	3	2
21338	2	2	2	2	2	2	2
213541	2	2	2	2	2	3	2
213575	3	2	2	2	3	3	2
213742	2	2	1	2	1	3	2
213827	2	2	2	2	2	2	3
21390	2	2	2	2	2	2	2
21402	2	2	2	2	2	2	2
21407	2	2	2	2	2	2	2
214105	2	2	2	2	2	2	2
214568	2	2	2	2	2	2	2
214791	2	2	2	2	2	2	2
215085	2	2	2	2	2	1	2
215446	2	2	2	2	2	2	3
215449	2	2	2	2	2	2	2
215693	2	2	1	2	1	3	2
215890	2	2	2	2	2	1	2
215895	2	2	2	2	2	1	2
215928	2	2	2	2	2	1	2
216148	2	2	2	2	2	2	2
216285	2	2	2	2	2	1	2
216343	2	2	2	2	2	2	2
216459	2	2	2	2	2	3	2
21648	6	2	13	11	13	6	6
216781	2	2	2	2	2	2	2
216974	2	2	2	2	2	2	2
217038	2	2	2	2	2	2	2
217122	2	2	2	2	2	2	2
217194	2	2	2	2	2	2	2
217212	2	2	2	2	2	2	2
217214	2	2	2	2	2	2	2
217294	2	2	2	2	2	2	2
21753	3	2	3	2	3	2	3
21755	2	2	2	2	2	2	2
217648	3	2	2	2	2	2	3
217887	3	2	2	2	2	2	3
218314	1	1	1	2	1	1	1
218341	1	1	1	2	1	1	1
218440	1	1	1	2	1	1	1
218442	1	1	1	2	1	1	1
21856	2	2	2	2	2	2	2
21899	2	2	2	2	2	2	2
219149	2	2	3	2	2	2	3
21925	2	2	2	2	2	2	2
21927	2	2	2	2	2	2	2
21936	2	2	2	2	2	3	2
21937	3	2	3	2	3	2	3
21941	2	2	2	2	2	2	2
21947	2	2	1	2	1	2	2
21953	2	1	2	2	2	12	1
22032	2	2	2	2	2	2	2
22064	2	1	2	2	2	1	1
22072	3	2	3	2	3	2	3
22073	3	2	3	2	3	2	3
22145	2	2	2	3	2	2	2
22163	2	2	2	2	2	3	2
22166	2	2	2	2	2	2	2
22209	2	2	1	2	1	3	2
22218	2	2	2	2	2	2	2
22223	2	2	2	2	2	2	2
22269	2	2	2	2	2	2	3
22301	2	2	3	2	2	2	3
22318	2	2	2	2	2	2	2
22326	1	1	2	2	2	1	1
223332	2	2	2	3	2	2	2
22334	2	2	3	2	2	2	3
22341	2	2	2	2	2	2	2
22363	1	1	2	2	2	1	2
22364	2	2	2	2	2	1	2
223665	2	2	2	2	2	2	2
22370	2	2	2	2	2	2	2
223775	2	2	2	2	2	2	2
223776	2	2	2	2	2	2	2
22380	2	2	3	2	2	2	3
223881	2	2	2	2	2	2	2
223922	2	2	2	2	2	2	2
22402	2	2	2	2	2	2	2
22403	2	2	2	2	2	2	2
224055	1	1	2	2	2	1	2
224116	1	1	2	2	2	1	2
22413	3	2	3	2	3	2	3
22414	2	2	2	2	2	2	2
22415	2	2	2	2	2	2	2
22422	2	2	2	2	2	2	2
22423	1	1	2	2	2	1	1
22433	2	2	2	2	2	2	2
22437	2	2	2	2	2	2	3
224405	1	2	2	2	2	1	2
224582	3	2	2	2	3	2	2
224630	3	2	2	2	3	3	2
224753	3	2	2	2	3	3	2
224754	3	2	2	2	3	3	2
224761	3	2	2	2	3	3	2
224796	3	2	2	2	3	3	2
224813	3	2	2	2	3	3	2
224916	3	2	2	2	3	3	2
225030	3	2	2	2	3	3	2
225852	1	1	2	3	2	2	2
226115	1	1	2	2	2	1	1
226123	1	1	2	2	2	1	1
226178	1	1	2	2	2	1	2
22644	3	2	3	2	3	2	3
226646	2	2	2	2	2	2	2
226791	2	2	2	2	2	2	2
22682	1	1	2	3	2	1	1
22687	2	2	2	2	2	2	3
22698	2	2	2	2	2	2	2
226999	2	2	2	2	2	2	2
227091	2	2	2	2	2	2	2
22719	2	1	2	2	2	1	1
22722	2	2	2	2	2	2	2
227292	2	2	2	2	2	2	2
227545	2	2	2	2	2	2	2
227624	2	2	2	2	2	2	2
227736	2	2	2	2	2	2	2
22782	2	2	2	2	2	2	2
227933	2	2	2	2	2	2	2
228770	2	2	2	2	2	2	2
228876	2	2	2	2	2	2	2
228994	2	2	2	2	2	2	2
229011	2	2	2	2	2	2	2
229302	2	2	2	2	2	2	2
229333	2	2	2	2	2	2	2
229389	2	2	2	2	2	2	2
229697	2	2	2	2	2	2	2
229731	2	2	2	2	2	2	2
229906	2	2	2	2	2	2	2
230119	2	2	2	2	2	2	2
230234	2	2	2	2	2	2	2
230235	2	2	2	2	2	2	2
230316	2	2	2	2	2	2	2
230579	2	2	2	2	2	2	2
230649	2	2	2	2	2	2	2
230959	2	2	2	2	2	3	2
231003	2	2	2	2	2	3	2
231098	2	2	2	2	2	2	2
231253	2	2	2	2	2	2	2
231382	2	2	2	2	2	2	2
231591	2	2	2	2	2	2	2
231874	2	3	2	2	2	2	2
232187	3	2	3	2	3	2	3
232313	3	2	3	2	3	2	3
232409	3	2	3	2	3	2	3
232415	3	2	3	2	2	2	3
232431	3	2	3	2	3	2	3
232790	2	1	2	2	2	1	1
232836	2	1	2	2	2	1	1
232853	2	1	2	2	2	1	1
232879	2	1	2	2	2	1	1
232941	2	1	2	2	2	1	1
232946	2	1	2	2	2	1	1
232974	2	1	2	2	2	1	1
233280	2	1	2	2	2	1	1
233571	2	1	2	2	2	1	1
233812	2	1	2	2	2	1	1
233879	2	1	2	2	2	1	1
233905	2	1	2	2	2	1	1
234378	2	2	2	2	2	2	2
234388	2	2	2	2	2	2	2
234404	2	2	2	2	2	2	2
234479	2	2	2	2	2	2	2
234624	2	2	2	2	2	2	2
234671	2	2	2	2	2	2	2
235386	2	2	2	2	2	2	3
235661	2	2	2	2	2	2	2
236285	2	2	1	2	1	3	2
236539	2	2	2	2	2	2	2
237221	2	2	1	2	1	2	2
237362	2	2	2	2	2	1	2
237886	2	2	2	2	2	2	2
238271	3	2	2	2	2	2	3
238328	3	2	2	2	2	2	4
238333	3	2	2	2	2	2	4
23836	2	2	2	2	2	2	2
23837	2	2	2	2	2	2	2
23873	2	2	2	2	2	2	2
23886	2	2	2	2	2	2	2
23893	2	2	2	2	2	2	2
239126	2	2	3	2	2	2	3
239157	2	2	3	2	2	2	3
23919	2	2	2	2	2	2	2
239436	2	2	2	2	2	2	2
23959	2	2	2	2	2	2	2
239691	1	1	2	2	2	1	2
23996	2	1	2	2	2	1	1
23999	2	2	2	2	2	2	2
240025	3	2	2	2	3	3	2
240055	3	2	2	2	3	3	2
240444	2	2	2	2	2	2	2
240590	1	1	2	3	2	1	1
24068	2	2	2	2	2	2	2
24075	2	1	2	2	2	1	1
240755	2	2	2	2	2	3	2
24084	2	2	2	2	2	3	2
241118	2	2	2	3	2	2	2
241128	2	2	2	3	2	2	2
241263	2	2	2	2	2	2	2
24132	3	2	2	2	3	3	2
241547	2	2	2	2	2	2	2
241950	2	2	2	2	2	2	2
242235	2	2	2	2	2	2	2
242291	2	2	2	2	2	2	2
242653	2	2	2	2	2	3	2
242735	2	2	2	2	2	3	2
242736	2	2	2	2	2	3	2
242805	2	2	2	2	2	3	2
242838	2	2	2	12	2	2	2
242851	2	2	2	2	2	2	2
243085	2	2	2	2	2	2	2
243628	3	2	3	2	3	2	3
243771	3	2	3	2	3	2	3
243834	2	1	2	2	2	1	1
243912	2	1	2	2	2	1	1
244058	2	1	2	2	2	1	1
244216	2	1	2	2	2	1	1
244421	2	2	2	2	2	2	2
244666	2	2	2	2	2	2	2
244694	2	2	2	2	2	2	2
245492	2	2	1	2	1	2	1
245533	2	2	1	2	1	3	2
245688	2	2	1	2	1	3	2
246787	2	1	2	2	2	1	1
257630	2	2	2	2	2	2	2
257662	2	2	2	2	2	2	2
258095	3	2	2	2	3	2	2
258259	2	2	2	2	2	3	2
258425	2	2	2	2	2	2	2
258450	2	2	2	2	2	2	2
258571	2	2	2	2	2	2	2
258601	2	2	2	2	2	2	3
258862	2	2	2	2	2	3	2
258970	2	2	2	2	2	2	2
259277	2	1	2	2	2	1	1
260301	2	2	2	3	2	2	2
260409	3	2	2	2	3	3	2
263764	2	2	2	2	2	2	2
26383	2	2	2	2	2	2	2
26388	4.11228754527724	2	4.21928113680691	5	3.93842295904152	2	2
26417	2	1	2	2	2	1	1
26437	2	1	2	2	2	1	1
26439	2	1	2	2	2	1	1
26440	2	1	2	2	2	1	1
26565	1	1	2	2	2	1	2
26569	2	2	2	2	2	2	2
266744	2	2	2	2	2	2	2
268291	2	2	2	2	2	1	2
268449	2	2	2	2	2	2	2
268470	2	2	2	2	2	2	2
268490	2	2	2	2	2	2	2
268591	3	2	2	2	2	2	3
268686	1	1	1	2	1	1	1
268741	2	2	3	2	2	2	3
268880	1	1	2	2	2	1	2
269063	1	1	2	2	2	1.1637567730283	1
26910	3	2	3	2	3	2	3
269378	2	2	2	2	2	2	2
26949	2	2	2	2	2	2	2
269623	2	2	2	12	2	2	2
269902	2	1	2	2	2	1	1
270028	2	2	2	2	2	2	2
270066	2	2	2	2	2	2	2
27029	2	2	2	2	2	2	2
270802	2	2	2	2	2	3	2
27096	2	2	2	2	2	3	2
271375	1	2	2	1.97428571428571	2	1	2
271711	2	2	2	2	2	2	2
27176	2	2	2	2	2	2	2
27205	3	2	3	2	3	2	3
27217	2	2	2	3	2	2	2
27261	1	1	1	2	2	1	1
27263	30	2	5	4	5	3	7
27273	3	2	3	2	3	2	3
27281	1	1	2	2	2	1	2
27380	3	2	2	2	2	2	3
27382	3	2	2	2	2	2	3
276950	2	2	2	2	2	2	2
277753	2	2	2	2	2	2	2
28015	2	2	2	2	2	2	3
28019	3	2	3	2	3	2	3
280408	2	2	2	2	2	2	2
280411	2	2	2	2	2	2	2
280621	2	1	2	2	2	1	1
28078	1	3	1	2	2	1	1
28081	2	2	2	2	2	2	2
28295	2	2	2	2	2	1	2
29817	2	2	2	2	2	2	2
29873	2	2	2	2	2	2	3
29876	2	2	2	2	2	3	2
30840	2	2	2	2	2	2	2
30927	2	2	2	2	2	2	2
319179	1	2	1	2	2	1	1
319196	2	2	2	2	2	2	2
319224	2	2	2	2	2	2	2
319259	3	2	2	2	3	3	2
319266	2	2	2	2	2	2	2
319314	1	1	2	2	2	2	2
319371	2	2	2	2	2	2	2
319554	1	2	1	2	2	1	1
319625	3	2	2	2	3	3	2
319665	3	2	3	2	3	2	3
319682	3	2	3	2	3	2	3
319702	3	2	3	2	3	2	3
319711	2	1	2	2	2	1	1
319748	2	1	2	2	2	1	1
319760	3	2	2	2	2	2	3
319772	2	3	2	2	2	2	2
319776	3	2	3	2	3	2	3
319783	2	1	2	2	2	1	1
319801	3	2	3	3	3	2	3
319875	2	2	2	2	2	2	2
319903	2	2	3	2	2	2	3
319940	2	2	2	2	2	2	2
319984	2	2	3	2	2	2	3
319998	2	2	2	3	2	2	2
320132	2	2	2	2	2	2	2
320172	3	2	3	2	3	2	3
320189	3	2	3	2	3	2	3
320210	2	1	2	2	2	1	1
320311	2	2	2	2	2	2	2
320407	3	2	3	2	2	2	3
320624	2	2	2	2	2	2	2
320692	2	2	2	2	2	2	2
320782	2	2	2	2	2	2	2
320845	2	1	2	2	2	1	1
320846	2	2	2	2	2	2	2
320975	2	2	2	2	2	2	2
327826	2	2	2	2	2	2	2
327900	2	2	2	2	2	2	2
327946	2	2	2	2	2	2	2
328019	2	2	2	2	2	2	2
328136	3	2	2	2	2	2	4
328162	3	2	2	2	2	2	3
328250	1	1	1	2	2	1	1
328401	2	2	3	2	2	2	3
328531	2	2	2	2	2	2	2
328561	2	2	2	2	2	2	2
328657	1	1	2	2	2	1	2
328734	3	2	2	2	3	3	2
328747	3	2	2	2	3	3	2
328779	3	2	2	2	3	3	2
328780	3	2	2	2	3	3	2
328855	3	2	2	2	3	3	2
329055	1	1	2	2	2	1	1
329065	1	1	2	2	2	1	1
329217	2	2	2	2	2	2	2
329358	2	2	2	2	2	2	2
329371	2	2	2	2	2	2	2
329436	2	2	2	2	2	2	2
329626	2	2	2	2	2	2	2
329633	2	2	2	2	2	2	2
330166	2	2	2	2	2	2	2
330428	3	2	3	2	3	2	3
330657	2	1	2	2	2	1	1
330664	2	1	2	2	2	1	1
330723	2	2	2	2	2	2	2
330902	2	2	2	2	2	2	3
330953	2	2	2	2	2	2	3
330998	2	2	2	2	2	2	2
332578	2	2	2	2	2	2	2
332937	2	2	2	2	2	3	2
353187	2	2	3	2	2	2	3
353499	2	1	2	2	2	1	1
378937	2	2	2	2	2	2	2
380842	1	1	1	2	2	1	1
380977	2	2	2	2	2	2	2
381104	3	2	2	2	3	3	2
381272	2	2	2	3	2	2	2
381413	2	2	2	2	2	2	2
381531	2	2	2	2	2	2	2
381569	2	2	2	3	2	2	2
381714	3	3	4	5	5	4	4
381715	4	3	3	5	4	4	3
381806	3	2	3	2	3	2	3
381810	3	2	3	2	3	2	3
381959	2	1	2	2	2	1	1
382003	2	2	2	2	2	2	2
382106	2	2	2	2	2	2	2
382111	2	2	2	2	2	2	2
383491	2	2	2	2	2	2	2
383548	2	2	2	2	2	2	2
384071	2	2	2	2	2	3	2
384534	2	1	2	2	2	1	1
384752	2	1	2	2	2	1	1
384813	2	2	2	2	2	2	2
385138	1	2	2	2	2	1	3
385312	2	2	1	2	1	3	2
387285	2	2	2	2	2	2	3
394430	2.07217766810611	2	4.58359037631092	6.28624305983961	10.5724861196792	2	2
394433	2.07294264339152	2	4.61097256857855	6.33167082294264	10.6633416458853	2	2
399603	2	2	2	2	2	2	2
402773	2	2	2	2	2	2	2
403183	2	2	2	2	2	2	2
406219	2	2.34665936473165	2	2	2	2	2
406221	2	2	2	2	2	2	2
406222	2	2	2	2	2	2	2
407786	2	2	1	2	1	3	2
407790	2	2	2	2	2	3	2
408066	1	1	1	2	1	1	1
414111	2	2	2	2	2	2	2
414801	1	1	2	2	2	1	1
431706	1	1	1	2	1	1	1
432555	2	2	2	2	2	2	2
432582	2	2	2	2	2	2	2
432769	1	1	1	2	1	1	1
432987	2	2	2	2	2	2	2
433134	3	2	2	2	3	3	2
433197	2	2	2	2	2	2	2
433202	2	2	2	2	2	2	2
433374	2	2	2	2	2	2	2
433426	2	2	2	2	2	2	2
433586	2	2	2	2	2	2	2
433698	1.60254641909814	2	1.25538461538462	2	2	2	2
433855	2	2	2	2	2	2	2
434003	3	2	3	2	3	2	3
434065	3	2	3	2	3	2	3
434110	3	1	2	2	2	1	1
434113	5	1	2	3.805256869773	2	1	1
434117	3	1	2	3	2	1	1
434121	2	1	2	2	2	1	1
434147	2	1	2	2	2	1	1
434179	2	1	2	2	2	1	1
434198	2	1	2	2	2	1	1
434215	2	1	2	2	2	1	1
434218	2	1	2	1.46319218241042	1.61368078175896	1	0.584364820846906
434476	1	2	2	2	2	1	3
434540	2	1	2	2	2	1	1
434689	3	2	2	2	3	3	3
434768	2	2	1	2	1	2	2
434797	2	2	1	2	1	3	2
435528	3	2	2	2	3	3	2
435921	3	2	3	2	3	2	3
436003	2	1	2	2	2	1	1
436230	2	2	1	2	1	3	2
442799	2	2	2	2	2	2	2
449521	3	2	2	2	3	3	2
494497	2	2	2	2	2	2	2
50500	2	2	2	2	2	2	2
50525	1	1	2	2	2	1	2
50702	2	2	2	2	2	2	2
50723	2	2	2	2	2	1	2
50918	2	1	2	2	2	1	1
50928	3	2	3	2	3	2	3
50929	2	2	2	2	2	2	2
51875	2	2	2	2	2	2	2
52013	1	1	2	2	2	1	1
52024	1	1	2	2	2	1	1
52064	2	2	2	2	2	2	2
52276	2	2	2	2	2	3	2
52401	2	2	2	2	2	2	2
52521	2	2	2	2	2	2	2
52715	2	2	2	2	2	2	2
52717	2	2	2	2	2	1	2
53323	2	2	2	2	2	2	2
53356	2	2	2	2	2	2	3
53380	2	2	1	2	1	3	2
53414	3	2	2	2	3	3	2
53598	2	2	2	2	2	2	2
53814	2	2	2	2	2	2	2
53861	2	2	2	2	2	2	2
53902	2	2	2	2	2	3	2
54132	1	1	2	2	2	1	1
54137	3	2	3	2	3	2	3
541463	2	2	2	2.87198391420912	2	2	2
54199	2	2	2	2	2	2	2
54208	2	1	2	2	2	1	1
54390	2	2	2	2	2	2	2
54401	2	2	2	2	2	2	2
54419	3	2	2	2	3	3	2
544752	2	2	2	2	2	2	2
544763	2	2	2	2	2	2	2
544806	2	2	2	2	2	2	2
544923	1	3	1	2	2	1	1
544960	1	1	1	2	1	1	1
544998	2	2	3	2	2	2	3
545013	2	2	3	2	2	2	3
545253	2	2	2	2	2	2	2
545280	1	1	2	2	2	1	2
545366	2	2	2	2	2	2	2
545471	2	2	2	2	2	2	2
545551	2	2	2	2	2	2	2
545812	2	3	2	2	2	2	2
545814	2	3	2	2	2	2	2
545909	3	1	2	2	2	1	1
545921	2	1	2	3	3	1	2
545925	2	1	2	2	2	1	1
546036	2	2	2	2	2	2	2
546123	2	2	2	2	2	2	2
54624	2	1	2	2	2	1	1
54634	2	2	1	2	1	3	2
54646	2	2	1	2	1	3	2
546519	2	2	2	2	2	2	2
54683	1	1	2	2	2	2	2
546849	2	2	2	2	2	2	2
546913	3	2	3.4847775175644	2	3	1.5152224824356	2.5152224824356
546983	2	1	2	2	2	1	1
54723	2	2	2	2	2	2	2
55927	2	2	2	3	2	2	2
55938	3	2	2	2	3	3	2
55943	2	2	2	2	2	2	2
55978	2	2	2	2	2	2	2
56068	2	2	1	2	1	3	2
56089	2	2	2	2	2	2	2
56150	3	2	3	2	3	2	3
56173	1	2	2	2	2	1	2
56196	1	3	1	2	2	1	1
56221	2	3	2	2	2	2	2
56228	2	2	2	2	2	2	2
56248	1	1	2	2	2	1	1
56273	2	2	2	2	2	3	2
56291	2	2	3	2	2	2	3
56295	2	2	2	2	2	2	3
56296	2	2	2	2	2	2	2
56309	2	2	2	2	2	3	2
56314	2	3	2	2	2	2	2
56350	1	1	2	2	2	1	2
56351	2	2	2	2	2	3	2
56374	2	2	2	2	2	2	2
56426	2	2	2	2	2	2	2
56434	2	2	2	2	2	2	3
56437	2	2	2	2	2	2	2
56438	2	2	2	2	2	2	2
56440	2	2	2	2	2	2	3
56444	3	2	2	2	2	2	3
56550	2	2	2	2	2	2	2
56552	3	2	3	2	3	2	3
56554	2	2	3	2	3	1	2
56612	2	2	2	2	2	2	2
56644	3	2	3	2	3	2	3
56696	3	2	2	2	2	2	3
56710	2	2	2	2	2	2	2
56724	3	2	2	2	3	3	2
56772	2	2	2	2	2	2	2
56847	2	1	2	2	2	1	1
57014	2	2	2	2	2	2	2
57260	2	2	3	2	2	2	3
57276	2	2	2	2	2	2	2
57294	2	2	2	2	2	2	2
57296	2	1	2	2	2	1	1
57357	2	2	2	2	2	2	2
57385	2	2	1	2	1	3	2
57390	3	2	2	2	3	3	2
57394	2	2	1	2	1	2	2
57441	1	3	1	2	2	1	1
574416	2	2	2	2	2	2	2
574519	3	2	3	2	3	2	3
57742	2	2	2	2	2	2	2
57764	2	2	2	2	2	1	2
57808	1	1	2	2	2	1	2
57837	2	2	2	2	2	2	2
57905	3	2	3	2	3	2	3
57916	2	2	2	2	2	2	2
58203	2	2	2	2	2	2	2
58205	1	1	2	2	2	1	1
58233	2	2	2	2	2	2	3
58235	2	2	2	2	2	2	3
58802	2	2	2	2	2	2	2
58875	3	2	3	2	3	2	3
58992	1	1	1	2	2	1	1
59011	2	2	3	2	2	2	3
59012	2	2	2	2	2	1	2
59028	1	1	2	2	2	1	1
59050	1	1	1	2	1	1	1
60409	2	2	2	2	2	2	3
60425	1	1	2	2	2	2	4
60505	2	2	2	2	2	2	2
60599	2	2	2	2	2	2	2
619297	2	2	2	2	2	2	2
619312	1	2	2	2	2	1	2
619318	2	2	2	2	2	2	2
619331	2	1	2	2	2	1	1
619991	2	2	1	2	1	2	1
620156	2	2	2	2	2	2	2
620253	3	2	2	2	3	3	2
620672	2	1	2	2	2	1	1
620807	2	2	2	2	2	2	2
621430	2	1	2	2	2	1	1
622124	2	2	2	2	2	2	2
622306	2	3	2	2	2	2	2
622402	1	2	1	2	2	1	1
622404	2	2	2	2	2	2	2
622434	2	2	2	2	2	2	2
623131	2	1	2	2	2	1	1
623197	2	2	2	2	2	2	3
623273	3	2	3	2	3	2	3
623459	2	2	2	2	2	2	2
623503	2	2	2	3	2	2	2
624439	2	1	2	2	2	1	1
624512	2	1	2	2	2	1	1
624696	2	2	2	2	2	2	2
624845	2	2	2	2	2	2	2
625125	2	2	2	2	2	2	2
625222	2	2	2	2	2	2	2
625473	2	2	3	2	3	2	3
625508	2	2	1	2	1	2	2
625580	3	1	2	2	2	1	1
625605	6	1	2	3.1957796014068	2	1	1
626067	2	2	2	2	2	2	2
626391	2	2	2	2	2	2	2
626942	3	2	2	2	3	3	2
627191	3	2	2	2	2	2	4
627569	2	2	2	2	2	2	2
627636	3	2	2	2	3	2	2
627775	2	2	1	2	1	3	2
627814	3	2	2	2	3	2	2
628100	2	2	2	2	2	2	2
628110	2	2	2	3	2	2	2
628236	1	1	2	2	2	1	1
628518	2	2	1	2	1	3	2
628686	2	2	2	2	2	2	2
628693	2	2	3	2	2	2	3
628893	2	2	1	2	1	3	2
628991	2	2	1	2	1	2	2
629079	2	1	2	2	2	1	1
629147	2	2	2	2	2	2	2
629542	2	2	1	2	1	2	1
629678	2	2	3	2	2	2	3
629761	2	2	2	2	2	2	2
629777	2	2	2	2	2	2	2
630887	2	2	2	2	2	2	2
631002	2	2	1	2	1	3	2
632302	3	2	2	2	3	3	2
633640	2.40888888888889	1.46962962962963	1	2	1	1	1
635187	2	1	2	1	2	1	1
637004	2	2	2	2	2	2	2
637053	2	2	2	2	2	2	2
637079	2	2	2	2	2	2	2
637873	2	1	2	2	2	1	1
637881	2	1	2	2	2	1	1
637898	2	1	2	2	2	1	1
638068	2	2	2	2	2	2	3
63985	2	2	3	2	2	2	3
639910	1	1	1	2	1	1	1
64337	3	2	2	2	3	3	2
64379	2	2	2	2	2	2	2
64655	2	2	2	2	2	2	2
64660	2	2	2	2	2	2	2
64697	1	1	2	2	2	1	1
64818	2	2	2	2	2	2	2
64934	2	2	2	2	2	2	2
65019	2	2	2	2	2	2	2
65221	1	1	2	2	2	1	1
652925	2	2	2	8	2	2	2
654821	2	2	2	2	2	2	2
654822	3	2	2	2	3	3	2
65972	2	2	2	2	2	2	2
66043	2	2	2	2	2	2	2
66044	2	2	2	2	2	2	2
66059	2	2	2	2	2	2	2
66085	2	1	2	2	2	1	1
66086	1	1	2	2	2	1	2
66089	2	2	2	2	2	2	2
66090	2	1	2	2	2	1	1
66108	3	2	3	2	3	2	3
66153	2	2	2	3	2	2	2
66165	2	1	2	2	2	1	1
66183	2	2	2	2	2	2	2
66198	2	2	2	2	2	2	2
66205	2	2	2	2	2	2	2
66209	2	2	2	2	2	2	2
66220	2	2	2	2	2	2	2
66222	1	3	1	2	2	1	1
66225	2	2	2	2	2	2	2
66237	3	2	2	2	3	3	2
66271	2	1	2	2	2	1	1
66354	3	2	2	2	2	2	4
66358	2	2	2	2	2	2	2
66390	2	2	2	2	2	2	2
66400	3	2	2	2	3	3	2
66407	2	2	2	2	2	3	2
66421	2	2	2	2	2	2	2
66439	1	1	2	2	2	1	2
66447	2	2	2	2	2	2	2
66449	1	1	2	2	2	1	2
66451	2	2	2	2	2	3	2
66455	2	3	2	2	2	2	2
66462	2	2	2	2	2	2	2
66473	2	2	2	2	2	2	2
664861	2	2	1	2	1	2	1
664877	2	2	1	2	1	2	1
66494	1	1	1	2	2	1	1
665001	1	2	2	2	2	2	2
665180	3	2	3	2	3	2	3
66521	2	2	2	2	2	1	2
66536	2	2	2	2	2	2	2
66537	2	3	2	2	2	2	2
665495	2	1	2	2	2	1	1
66588	2	2	2	2	2	2	2
66596	2	3	2	2	2	2	2
666151	2	2	1	2	1	2	2
666184	1	2	1	1	1	2	1
666186	2	2	2	2	2	2	2
666279	2	2	2	2	2	2	2
66629	2	2	2	2	2	2	2
666312	2	1	2	2	2	1	1
666317	1	3	1	2	2	1	1
666331	2	2	2	2	2	2	2
666348	2	2	2	2	2	2	2
666381	2	1	2	2	2	1	1
666504	2	2	2	2	2	2	2
666532	6	2.86984171848502	5.47936687394008	2.89301865460712	5	4	3.78603730921425
66654	2	2	2	2	2	2	2
666576	2	2	2	2	2	2	2
666660	1	2	2	2	2	1	3
666765	2	2	3	2	2	2	3
666772	2	2	3	2	2	2	3
66684	2	2	1	2	1	3	2
666938	2	2	2	2	2	2	2
667034	2	2	3	2	2	2	3
66714	2	2	2	2	2	2	2
66720	2	2	2	2	2	2	2
667256	2	2	1	2	1	2	2
667295	2	2	2	2	2	2	2
667306	2	2	2	2	2	2	2
667693	1	1	1	2	2	1	1
66779	1	1	2	2	2	1	2
667794	2	2	1	2	1	2	2
66783	2	2	2	2	2	2	2
667912	3	2	2	2	3	3	2
667961	2	2	2	8	2	2	2
668008	2	2	2	2	2	2	2
668039	1	2	2	2	2	2	2
66810	2	2	2	2	2	2	2
668112	1	1	2	2	2	1	1
668178	2	2	2	2	2	2	2
66818	2	2	2	2	2	2	2
66827	2	2	2	2	2	2	2
66834	1	3	1	2	2	1	1
66859	2	2	2	2	2	1	2
66877	2	2	2	2	2	2	2
66884	2	2	2	2	2	2	2
66892	3	2	3	2	3	2	3
668976	2	2	1	2	1	3	2
66910	2	2	2	2	2	2	2
66914	2	2	2	2	2	2	2
66934	2	2	2	2	2	2	2
66935	2	2	2	2	2	2	2
66957	2	2	2	2	2	2	2
67003	2	1	2	2	2	1	1
67025	2	2	2	2	2	3	2
67028	2	2	1	2	1	2	2
67035	2	2	2	2	2	2	2
67057	2	2	2	2	2	2	2
67063	2	2	2	2	2	2	2
67092	2	2	2	2	2	2	2
671031	2	2	2	2	2	2	2
67109	2	1	2	2	2	1	1
67112	2	2	2	2	2	2	2
671132	2	1	2	2	2	1	1
67117	2	2	1	2	1	3	2
67118	1	1	2	2	2	1	2
67135	2	2	2	2	2	2	2
67139	2	2	2	2	2	2	2
67141	2	2	2	2	2	1	2
671650	2	2	2	2	2	2	2
67187	2	2	2	2	2	2	2
67194	2	2	2	2	2	2	2
67204	2	2	2	2	2	2	2
67207	2	2	2	2	2	2	2
67211	2	2	2	2	2	2	2
67213	2	2	2	2	2	2	2
67255	3	2	3	2	3	2	3
672553	2	1	2	2	2	1	1
67263	1	1	1	2	1	1	1
67268	3	2	2	2	3	3	2
672682	3	2	2	2	3	3	2
67272	2	2	3	2	2	2	3
67276	2	2	2	2	2	2	2
67292	2	2	2	2	2	2	2
67310	1	3	1	2	2	1	1
67328	2	2	2	2	2	2	2
67333	2	2	2	2	2	2	2
67337	2	2	2	2	2	2	2
673380	2	2	2.25223880597015	2.25223880597015	2	2.5044776119403	7
67343	2	2	2	2	2	2	2
673685	2	2	3	2	2	2	3
67389	2	2	2	2	2	3	2
67391	2	2	1	2	1	3	2
67407	2	2	1	2	1	2	2
67410	2	3	2	3	2	2	2
674277	1	1	2	2	2	1	1
67433	1	1	1	2	1	1	1
67467	2	2	3	2	2	2	3
67480	2	2	2	2	2	2	2
67483	1	1	2	3	2	1	1
67498	2	2	2	2	2	2	2
67505	1	3	1	2	2	1	1
67512	2	2	2	2	2	2	2
67523	2	2	2	2	2	1	2
67525	2	2	2	2	2	3	2
675363	2	2	2	2	2	2	2
67580	2	2	3	2	2	2	3
67602	3	2	3	2	3	2	3
67615	2	2	2	2	2	2	2
67628	2	2	2	2	2	2	2
67652	2	2	2	2	2	2	2
67676	3	2	2	2	3	3	2
676982	1	1	1	2	2	1	1
67701	2	2	2	2	2	2	2
67706	1	1	2	2	2	1	2
67715	2	2	1	2	1	2	2
67719	2	2	2	2	2	1	2
67731	2	2	2	2	2	2	2
67749	2	2	2	2	2	2	2
67758	2	2	2	2	2	2	2
67768	1	2	2	2	2	1	2
67775	1	1	2	2	2	1	2
67781	2	2	2	2	2	2	2
67788	1	1	2	2	2	1	2
67800	2	1	2	2	2	1	1
67808	2	2	2	2	2	3	2
67832	2	2	2	3	2	2	2
67836	2	2	2	2	2	2	2
67842	2	2	3	2	2	2	3
67871	2	2	2	2	2	2	2
67873	2	2	2	2	2	2	2
67890	2	2	2	2	2	2	2
67920	2	2	2	2	2	2	2
67929	2	2	2	2	2	2	2
67941	2	2	2	2	2	2	2
67942	2	2	2	2	2	2	2
67944	2	2	1	2	1	2	2
68028	2	2	2	2	2	2	2
68032	2	2	2	2	2	2	2
68039	2	1	2	2	2	1	1
68043	2	2	3	2	2	2	3
68044	2	2	2	2	2	2	2
68050	2	2	2	2	2	3	2
68054	3	2	2	2	2	2	3
68073	2	2	2	2	2	2	2
68090	1	1	2	2	2	2	2
68107	2	2	2	2	2	2	2
68118	2	2	2	2	2	2	2
68162	1	1	2	2	2	1	2
68212	2	2	2	2	2	2	2
68224	3	2	2	2	3	3	2
68235	3	2	3	2	3	2	3
68255	2	1	2	2	2	1	1
68281	2	2	2	2	2	1	2
68295	2	2	2	2	2	2	2
68311	2	2	2	2	2	2	2
68352	2	1	2	2	2	1	1
68365	2	2	2	2	2	2	2
68434	2	2	2	2	2	2	2
68460	2	2	2	2	2	2	2
68480	1	1	1	2	2	1	1
68483	2	2	2	2	2	2	2
68509	3	2	2	2	3	3	2
68563	2	2	2	2	2	2	2
68603	2	2	2	2	2	2	2
68631	2	2	3	2	2	2	3
68718	2	2	2	2	2	2	2
68738	2	2	2	2	2	2	2
68753	2	2	2	2	2	2	2
68774	1	1	2	2	2	1	1
68808	1	3	1	2	2	1	1
68833	2	2	2	2	2	2	2
68888	3	2	3	2	3	2	3
68920	2	2	2	2	2	3	2
69002	2	2	2	2	2	1	2
69010	2	2	2	2	2	2	3
69020	2	2	2	2	2	2	2
69034	2	3	2	2	2	2	2
69038	1	1	2	2	2	1	1
69060	1	1	2	2	2	1	1
69082	2	2	2	2	2	2	2
69161	2	2	2	2	2	2	2
69168	2	2	2	2	2	2	2
69219	2	2	2	2	2	2	2
69239	3	2	2	2	3	3	2
69248	2	2	3	2	2	2	3
69259	3	2	2	2	3	3	2
69263	2	3	2	2	2	2	2
69295	2	1	2	2	2	1	1
69306	2	2	2	2	2	2	2
69309	2	2	2	2	2	2	2
69310	3	2	2	2	3	3	2
69311	3	2	2	2	3	3	2
69314	2	2	2	2	2	2	2
69318	2	1	2	2	2	1	1
69454	2	2	2	2	2	2	2
69495	2	1	2	2	2	1	1
69511	2	1	2	2	2	1	1
69541	2	2	2	2	2	2	2
69547	2	1	2	2	2	1	1
69585	2	2	2	2	2	2	2
69593	2	2	2	2	2	2	2
69655	2	2	2	2	2	3	2
69666	1	3	1	2	2	1	1
69671	2	2	2	2	2	3	2
69747	2	2	2	2	2	2	2
69771	2	2	2	2	2	2	2
69787	2	2	2	2	2	2	2
69804	2	1	2	2	2	1	1
69852	2	2	2	2	2	2	2
69860	1	1	2	2	2	2	2
69864	2	2	2	2	2	2	2
69909	2	2	2	2	2	2	2
69944	2	2	2	2	2	2	2
70004	2	1	2	2	2	1	1
70005	5	5	6	3.99058256679807	5	3	6
70031	2	2	2	2	2	2	2
70055	2	2	2	2	2	2	2
70082	2	2	2	2	2	2	3
70083	3	2	2	2	3	3	2
70086	2	2	3	2	2	2	3
70093	2	2	2	2	2	2	2
70316	2	1	2	2	2	1	1
70377	2	2	2	2	2	1	2
70383	2	2	2	2	2	2	2
70426	1	1	2	2	2	1	2
70433	2	2	2	2	2	3	2
70601	2	2	3	2	2	2	3
70612	2	2	2	2	2	2	2
70620	1	1	2	2	2	1	2
70645	2	2	2	2	2	2	2
70696	2	2	1	2	1	2	2
70874	2	2	2	2	2	2	2
70884	2	1	2	2	2	1	1
70886	2	2	2	2	2	2	2
70900	1	1	1	2	1	1	1
70917	1	1	1	2	1	1	1
70933	2	2	2	2	2	2	2
70986	2	2	2	2	2	2	2
70997	2	2	2	2	2	2	2
71018	2	2	2	2	2	1	2
71026	2	2	2	2	2	2	2
71081	2	2	2	2	2	2	2
71093	3	2	3	2	3	2	3
71133	2	2	2	2	2	2	3
71226	1	1	1	2	1	1	1
71233	2	2	2	2	2	2	2
71265	3	2	3	2	3	2	3
71275	3	2	2	2	2	2	4
71297	2	2	2	2	2	2	2
71306	2	2	2	2	2	2	2
71307	1	3	1	2	2	1	1
71325	2	2	2	2	2	2	2
71351	2	2	1	2	1	3	2
71432	2	2	2	2	2	2	2
71452	2	2	2	2	2	2	2
71532	2	2	2	2	2	2	2
71545	2	2	2	2	2	2	2
71597	2	2	2	2	2	2	2
71683	2	2	2	2	2	2	2
71772	2	2	2	2	2	2	2
71780	2	2	2	2	2	2	2
71793	2	2	2	2	2	2	2
71804	2	2	2	2	2	1	2
71826	6	7	3	3	2	4	7
71827	2	2	2	2	2	2	2
71833	2	2	2	2	2	2	2
71841	2	2	1	2	1	3	2
71878	2	2	2	2	2	2	2
71902	2	2	2	2	2	2	2
72003	2	2	3	2	2	2	3
72012	3	2	3	2	3	2	3
72018	2	2	1	2	1	2	2
72041	2	3	2	2	2	2	2
72056	1	1	2	2	2	2	2
72065	2	2	1	2	1	2	2
72106	3	2	2	2	3	3	2
72157	2	2	2	2	2	2	2
72184	2	1	2	2	2	1	1
72195	2	2	2	2	2	2	2
72225	2	2	2	2	2	3	2
72269	2	2	2	2	2	3	2
72350	3	2	2	2	2	2	4
723792	2	2	2	2	2	2	2
72431	2	1	2	2	2	1	1
72542	2	2	2	2	2	2	2
72554	2	2	1	2	1	2	2
72585	2	2	2	2	2	2	2
72657	2	2	2	2	2	2	2
72713	2	2	2	2	2	2	2
72780	2	2	2	2	2	1	2
72792	2	2	2	2	2	2	2
72997	2	2	1	2	1	3	2
73095	2	2	2	2	2	2	2
73234	2	2	2	2	2	2	2
73266	1	2	1	2	2	1	1
73293	2	2	2	2	2	2	2
73306	2	2	3	2	2	2	3
73333	2	2	2	2	2	2	2
73349	2	2	2	2	2	2	2
73385	2	2	2	2	2	2	3
73398	2	2	2	2	2	2	2
73425	3	3	3	2	3	3	3
73440	2	2	3	2	2	2	3
73453	2	2	2	2	2	2	2
73490	3	2	2	2	2	2	3
73516	2	2	2	2	2	2	2
73588	2	2	2	2	2	2	2
73609	2	2	2	2	2	2	2
73626	3	2	3	2	3	2	3
73816	2	2	2	2	2	2	2
73973	2	2	2	3	2	2	2
73977	2	2	3	2	2	2	3
73988	2	2	2	2	2	2	2
74032	2	2	2	2	2	2	2
74050	1	1	1	2	2	1	1
74054	2	1	2	2	2	1	1
74147	1	1	2	2	2	1	2
74197	1	1	2	2	2	1	2
74220	3	2	3	2	3	2	3
74236	2	2	2	2	2	2	2
74245	2	2	2	2	2	2	2
74276	2	1	2	2	2	1	1
74325	1	1	1	2	2	1	1
74401	2	2	2	2	2	2	2
74427	2	2	3	2	2	2	3
74463	2	1	2	2	2	1	1
74464	2	2	2	2	2	3	2
74475	2	2	2	2	2	2	2
74541	2	2	2	2	2	2	2
74558	2	1	2	1	2	1	1
74571	2	2	3	2	2	2	3
74589	3	2	3	2	3	2	3
74617	2	2	2	2	2	2	2
74646	2	2	2	2	2	3	2
74700	2	2	2	2	2	2	2
74724	3	2	2	2	2	2	3
74734	2	2	2	2	2	2	2
74914	2	2	2	2	2	2	2
74967	2	2	3	2	2	2	3
74988	2	2	2	2	2	2	2
74989	2	2	2	2	2	3	2
75016	2	2	3	2	2	2	3
75100	2	2	2	2	2	2	2
75111	2	2	2	2	2	2	2
75170	2	2	3	2	2	2	3
751865	2	3	2	2	2	2	2
75209	1	1	1	2	1	1	1
75239	2	1	2	2	2	1	1
75255	2	2	2	2	2	2	2
75266	3	2	2	2	2	2	3
75272	2	2	3	2	2	2	3
75409	2	2	3	2	2	2	3
75520	3	2	3	2	3	2	3
75617	2	2	2	2	2	2	3
75705	2	2	2	2	2	2	2
75706	2	2	2	2	2	2	2
75710	2	2	2	2	2	2	2
75744	2	1	2	2	2	1	1
75750	2	2	2	2	2	2	2
75778	2	2	2	2	2	2	2
75796	2	2	2	2	2	2	2
75800	1	1	2	2	2	1	1
75857	2	2	2	2	2	2	2
75859	2	2	2	2	2	2	2
75916	2	3	2	2	2	2	2
75927	2	2	2	2	2	2	2
75942	2	2	2	2	2	2	2
75990	3	4	3	2	2	2	2
76072	2	2	2	2	2	2	2
76132	2	2	2	2	2	2	2
76261	2	2	2	2	2	2	2
76263	3	2	3	2	3	2	3
76282	2	2	2	2	2	2	2
76308	1	1	2	2	2	2	2
76373	2	1	2	2	2	1	1
76378	1	1	2	2	2	1	2
76425	2	2	2	2	2	2	2
76453	2	1	2	2	2	1	1
76501	2	2	2	2	2	2	2
76606	3	2	3	2	3	2	3
76624	1	1	1	2	1	1	1
76737	2	2	2	2	2	2	2
767814	2	2	2	2	2	2	2
76793	2	2	2	2	2	3	2
76803	2	2	1	3	3	3	1
76854	2	3	2	2	2	2	2
76892	2	2	2	2	2	2	2
76927	2	2	2	2	2	2	2
76974	2	1	2	2	2	12	1
77022	3	2	2	2	3	3	2
77035	2	1	2	2	2	1	1
77042	3	2	3	2	3	2	3
77045	2	2	2	2	2	2	2
77173	2	2	2	2	2	2	2
77198	2	2	2	2	2	2	2
77220	2	2	2	2	2	1	2
77296	2	2	2	2	2	1	2
77323	2	1	2	2	2	1	1
77337	1	2	1	2	2	1	1
77552	2	2	2	3	2	3	2
77630	2	2	2	2	2	2	2
77753	1	3	1	2	2	1	1
77763	2	2	2	2	2	1	2
77777	2	2	2	2	2	1	2
77836	1	1	2	2	2	1	1
77981	2	2	3	2	2	2	3
77996	2	2	2	2	2	2	2
78062	3	2	2	2	2	2	3
78076	2	2	2	2	2	2	2
78102	2	2	2	2	2	2	2
78151	2	2	2	2	2	2	2
78414	2	2	2	2	2	2	2
78425	1	1	2	2	2	1	2
78469	3	2	2	2	3	3	2
78619	2	2	1	2	1	2	2
78623	2	2	2	2	2	2	2
78629	2	2	2	2	2	2	2
78725	2	2	2	2	2	2	2
78773	3	2	3	2	3	2	3
78829	2	3	2	2	2	2	2
78911	2	2	2	2	2	2	2
78925	1	1	1	2	1	1	1
78977	2	2	2	2	2	1	2
79555	1	3	1	2	2	1	1
80290	2	3	2	2	2	2	2
80750	2	2	2	2	2	2	2
80751	2	2	2	2	2	2	2
80909	2	3	2	2	2	2	2
81006	2	2	2	2	2	2	2
81489	2	2	2	2	2	2	2
83379	2	2	2	2	2	2	2
83485	2	1	2	2	2	1	1
83563	2	2	1	2	1	2.07235246564268	2
83565	2	2	1	2	1	3	2
83962	2	1	2	2	2	1	1
83964	2	2	2	2	2	2	2
83995	2	2	2	2	2	2	2
93674	3	2	3	2	3	2	3
93683	2	2	2	2	2	2	3
93694	3	2	3	2	3	2	3
93806	1	3	1	2	2	1	1
93835	3	2	2	2	2	2	3
93968	3	2	2	2	2	1	3
94071	3	2	3	2	3	2	3
94092	2	2	2	2	2	2	2
94179	2	2	2	2	2	2	2
94185	3	2	2	2	3	3	2
94275	2	2	1	2	1	3	2
94315	2	2	2	2	2	2	2
97476	2	2	2	2	2	2	2
97863	1	1	1	2	2	1	1
98221	2	2	2	2	2	2	2
98258	2	2	2	2	2	2	2
98363	2	2	2	2	2	2	2
98396	2	2	2	3	2	3	2
98402	2	2	2	2.98431734317343	2	2	2
98452	2	2	2	2	2	2	2
98496	2	2	2	3	2	2	2
98711	2	2	2	2	2	2	2
98741	2	2	2	2	2	2	2
99377	2	2	2	2	2	2	2
