match	start	end	strand	score	pvalue	seqID	seqChr	seqStart	seqEnd	seqStrand
1	CTTTGTTAAACAGATGCTTGA	119	139	1	92.9	4.52344779174021e-09	uc032cmq.1	15	82997361	82997561	-
2	CTTTGTTAAACAGATGCTTGA	151	171	1	92.9	4.52344779174021e-09	uc032tvj.1	4	118400031	118400231	-
3	TTTTTTAAAGGTCATGATAAA	69	89	-1	92.5	6.01502348246552e-09	uc032htv.1	19	32341608	32341808	-
4	TTTTATTACAGCTAGATTTAA	41	61	1	87.3	2.0024599862939e-07	uc002kll.4	18	2706264	2706464	+
5	GTTTGTGAAAATCTAGCTATA	61	81	-1	86.9	2.58234143757613e-07	uc002vso.3	2	232024177	232024377	+
6	CCCTTTAAAACAAAAAATAAA	82	102	-1	86.7	2.9301035238197e-07	uc002vso.3	2	232024177	232024377	+
7	CTTTATTTCTGATAGATTAAA	8	28	1	86.1	4.26647417719974e-07	uc011kni.2	7	116698971	116699171	+
8	TTTTGTAACACAGAGCTCTGA	111	131	-1	86.1	4.26647417719974e-07	uc003jms.2	5	42175245	42175445	-
9	TTGTAACAAAGAAAAGTTAAA	68	88	1	85.5	6.18192734516415e-07	uc032etj.1	17	10008938	10009138	+
10	GTTCAATAAATTTATAATAAA	159	179	1	85.5	6.18192734516415e-07	uc002vso.3	2	232024177	232024377	+
11	GTTAATTAAACAGATGCATAA	64	84	-1	84.5	1.13453157485281e-06	uc003hae.3	4	53427927	53428127	+
12	GTTTGCGAAAGTTTTGTGAAA	3	23	-1	84.1	1.44091699207741e-06	uc002htp.3	17	40015261	40015461	+
13	TTTTGTTTAAGATTGCTGATA	60	80	1	84.1	1.44091699207741e-06	uc001drs.1	1	96784959	96785159	+
14	GTTTATTACAGGAGAAACAAA	5	25	-1	83.9	1.6225415738682e-06	uc032wmp.1	6	15555807	15556007	+
15	GTTTGTAAAAGTCTGGGCTAC	124	144	1	83.3	2.30913852030655e-06	uc003yzf.4	8	143684352	143684552	+
16	ATTCTTAAGACTGAAGACAAA	165	185	-1	82.5	3.66848190790261e-06	uc003iyh.3	4	185775812	185776012	-
17	TTTTATTTCATACTTGGTAAC	2	22	1	82.4	3.88463978912975e-06	uc003hxz.4	4	105710713	105710913	+
18	TTTTAAAACAATCTGCATAGA	4	24	1	82.2	4.35414427653501e-06	uc032tvj.1	4	118400031	118400231	-
19	TCATTTAAAAAACTTCCTAAA	57	77	1	82	4.87774800956523e-06	uc003jms.2	5	42175245	42175445	-
20	CCATTTTAATCACATGGTTAA	51	71	-1	82	4.87774800956523e-06	uc002vuv.4	2	233692766	233692966	+
21	TTTCTTTGAAATGTTGGTAAA	67	87	1	81.8	5.46135571318559e-06	uc002kll.4	18	2706264	2706464	+
22	GTTTTTAAGTGAAAAGCTTAC	158	178	-1	81.6	6.11147730667742e-06	uc003hxz.4	4	105710713	105710913	+
23	GTATATTTTACAAAGAAGAAA	41	61	1	81.2	7.64067800326421e-06	uc010ptz.1	1	214483376	214483576	-
24	TTTTATTGAAGAGTAGAAAAT	11	31	1	80.8	9.53184722763143e-06	uc003dfb.1	3	52678497	52678697	-
25	ATTTGAGAAAGTAAAGGTGTA	42	62	1	80.6	1.06376860033391e-05	uc003hld.3	4	78551488	78551688	+
26	CTTTTGAAATCAGTGATTTGA	11	31	-1	80.4	1.18653997460849e-05	uc032fge.1	17	38118466	38118666	+
27	TCTTACATATCAAAGGGTAAA	90	110	1	80.4	1.18653997460849e-05	uc002vuv.4	2	233692766	233692966	+
28	CTTTGTAAAATGCTGCTGACA	97	117	1	80	1.47383363174411e-05	uc001iyp.3	10	35195802	35196002	+
29	ATTTATTGCAGAAATTGAAAA	76	96	1	79.4	2.03206716504963e-05	uc031uwl.1	1	149491940	149492140	+
30	GCTTATTTAATGAAGCCCAAA	14	34	-1	79.2	2.25925748130425e-05	uc011jzu.2	7	29197641	29197841	+
31	ACTTGTGAATTTGAATGTAAA	160	180	1	78.2	3.80707718229493e-05	uc001drs.1	1	96784959	96785159	+
32	CTGTGAAAATCAAATGAGTTA	1	21	1	78	4.21905360513455e-05	uc031pzw.1	11	44951206	44951406	-
33	CTTAATAAATGTCACATCAGA	163	183	1	78	4.21905360513455e-05	uc001iyi.3	10	35175487	35175687	+
34	CTTTGCTAATGTGTAGATTGC	85	105	1	78	4.21905360513455e-05	uc003dfb.1	3	52678497	52678697	-
35	GTCTTTGGCACAGAACCGAAA	6	26	1	77.8	4.67309580777444e-05	uc032htv.1	19	32341608	32341808	-
36	ATTAGTGAAAGTATAATTTTA	32	52	-1	77.8	4.67309580777444e-05	uc001drs.1	1	96784959	96785159	+
37	TTATGAGAATCTAATGCCTGA	98	118	1	77.6	5.17321710007011e-05	uc032upo.1	5	32106128	32106328	-
38	GTTGATGAAACTGGAAATTTA	120	140	1	77.6	5.17321710007011e-05	uc003iyh.3	4	185775812	185776012	-
39	TTATGAGAATCTAATGCCTGA	98	118	1	77.6	5.17321710007011e-05	uc032scw.1	3	133095543	133095743	-
40	CACTAAAAAAGTGAACAGAAA	53	73	-1	77.6	5.17321710007011e-05	uc003dfb.1	3	52678497	52678697	-
41	GTTGAGGAAAGAGAAAAGAGA	104	124	-1	77.5	5.44190726569883e-05	uc003vhk.2	7	116030713	116030913	-
42	TTTCAGTTAAGGAAGAAGAAA	45	65	-1	77.1	6.65471268678373e-05	uc003vhk.2	7	116030713	116030913	-
43	TTTTCTAACTCCCCAAATAGA	35	55	-1	76.9	7.35306560643736e-05	uc032etj.1	17	10008938	10009138	+
44	CTTTGCATAAAAACTGTTGAA	152	172	-1	76.9	7.35306560643736e-05	uc003jms.2	5	42175245	42175445	-
45	ATCTGGTAAAGAAGTAGGAAA	180	200	-1	76.9	7.35306560643736e-05	uc003hxz.4	4	105710713	105710913	+
46	ATCTCAAGAACAAATATGAAA	123	143	1	76.7	8.12034360239027e-05	uc001rkw.1	12	32334416	32334616	+
47	CTTTGTCTCATACAAAGCACA	138	158	1	76.7	8.12034360239027e-05	uc004bjg.3	9	114792430	114792630	-
48	TTGTTCAAGAATGAAGGCAAA	47	67	-1	76.7	8.12034360239027e-05	uc032wmp.1	6	15555807	15556007	+
49	TTCCTTAAAAGGTTAAACAGA	128	148	-1	76.7	8.12034360239027e-05	uc021xxa.1	5	31447896	31448096	-
50	GTTAGTGAAACTGATAATTGT	30	50	-1	76.5	8.96287440947073e-05	uc002bfi.2	15	80072461	80072661	+
51	CTTTTATTAACACGGAATTAT	1	21	1	75.9	0.000120134773268405	uc032etj.1	17	10008938	10009138	+
52	TTTTTCGGAAAACATCTGGAA	39	59	1	75.9	0.000120134773268405	uc010lkl.3	7	121329467	121329667	+
53	TATTATGTAAGATTAATCTTA	42	62	-1	75.5	0.000145653089430457	uc003hae.3	4	53427927	53428127	+
54	GTTTCTGCCACAAATCCCCAA	151	171	-1	75.3	0.000160249442459285	uc003mvy.3	6	4087244	4087444	-
55	TCCTGGAAAACAGAGCCTTGA	67	87	1	75.1	0.000176214267238671	uc010ega.3	19	38420868	38421068	-
56	GTTGTCAGAAATGAAGAGAAA	47	67	-1	75.1	0.000176214267238671	uc011kni.2	7	116698971	116699171	+
57	GCTTTGAAAATGCAGGATGAA	91	111	-1	75.1	0.000176214267238671	uc003mvy.3	6	4087244	4087444	-
58	ACATGTTGAAGAGTAGCTATA	83	103	-1	74.9	0.000193666025912561	uc032tvj.1	4	118400031	118400231	-
59	CTTTCTGAAAGATCTGCTACT	104	124	1	74.9	0.000193666025912561	uc003hae.3	4	53427927	53428127	+
60	TAATCTAAGAAACAAAGTAAA	5	25	-1	74.9	0.000193666025912561	uc003hae.3	4	53427927	53428127	+
61	GTTTGCTTCACCTCAGATTAA	144	164	-1	74.7	0.000212732460374006	uc002bfi.2	15	80072461	80072661	+
62	TTTTTATACTCTGTTATGCTA	6	26	-1	74.5	0.000233551227788444	uc010ptz.1	1	214483376	214483576	-
63	CTGTCTAAAGCAGAAAATCAC	84	104	-1	74.3	0.000256270571542517	uc001rkw.1	12	32334416	32334616	+
64	TGTTATTACACACTTGGGTAT	97	117	1	74.3	0.000256270571542517	uc031pzw.1	11	44951206	44951406	-
65	CTCTATTCCAGTTTGATAAAA	148	168	1	74.1	0.000281050028908461	uc011jzu.2	7	29197641	29197841	+
66	TTTGCTAAAATTGTTGTCTAC	128	148	-1	74.1	0.000281050028908461	uc003hae.3	4	53427927	53428127	+
67	ATTTATTACGGTTATCTTCGC	141	161	-1	73.9	0.000308061176703082	uc001osv.3	11	72793605	72793805	-
68	GTCGATGAGAGAGAGGAAAAA	140	160	-1	73.7	0.000337488416202816	uc010kak.3	6	68635640	68635840	+
69	AAGTTACAAACAGAAAAGAAA	31	51	1	73.5	0.000369529798552035	uc032tvj.1	4	118400031	118400231	-
70	TTTTATTGGAGAATAACATAC	22	42	1	73.5	0.000369529798552035	uc002vso.3	2	232024177	232024377	+
71	CTTTGAATATTTGTGTACAGA	34	54	1	73.3	0.000404397891870314	uc021xxa.1	5	31447896	31448096	-
72	GTATTTGACAGGAGAGGTAAC	12	32	1	72.9	0.000483542572587359	uc002kxg.3	18	32091755	32091955	+
73	TTTTATTCCTATGTGATTCTA	124	144	1	72.7	0.000528325291835587	uc010hmf.3	3	52294208	52294408	-
74	GGGTAAAAAAGAGAGGGCGAA	91	111	1	72.4	0.000602794143140611	uc001sfo.3	12	54280604	54280804	+
75	ATATACCACACTGAGAATAAG	146	166	1	72.4	0.000602794143140611	uc031wmi.1	10	77777945	77778145	+
76	TTTCTTAGGCCAGAGTATAAA	21	41	-1	72.4	0.000602794143140611	uc001iyi.3	10	35175487	35175687	+
77	ATTTCTGGCACAAAACTTGCA	144	164	1	72.2	0.000657747751924609	uc001vdj.2	13	49792821	49793021	-
78	TTTGGATACACAAGTTGTAGA	94	114	1	72.2	0.000657747751924609	uc011mak.2	9	127762340	127762540	-
79	CTTTTATACCCTGTACGGAAC	141	161	-1	72.2	0.000657747751924609	uc001fpr.3	1	156705567	156705767	-
80	CTTCCAAAGAAATATATTTTA	2	22	-1	71.6	0.000851822815379709	uc002kll.4	18	2706264	2706464	+
81	TTATAGACCACCCAAATGAAA	181	201	-1	71.6	0.000851822815379709	uc031wmi.1	10	77777945	77778145	+
82	ATTTTATATTCCCAGCAGCAA	180	200	1	71.6	0.000851822815379709	uc021xxa.1	5	31447896	31448096	-
83	TTATGCAAATTTGGTGTCCAA	54	74	-1	71.4	0.000927511571580398	uc002htp.3	17	40015261	40015461	+
84	CTTTGATCAAGGCTCACCTGA	33	53	1	71.4	0.000927511571580398	uc031wmi.1	10	77777945	77778145	+
85	ATATACCCAAGCAAAATCAAA	73	93	-1	71.4	0.000927511571580398	uc021xxa.1	5	31447896	31448096	-
86	TATTATAGAGTTCATGGCACA	108	128	-1	71.2	0.0010093916432645	uc003dfb.1	3	52678497	52678697	-
87	ATTTATTATCTTCATCATTTG	16	36	-1	71	0.00109791956741785	uc010rck.1	11	12398141	12398341	+
88	GGATATAAAAGGCAAGCTACG	41	61	1	70.8	0.00119358115126214	uc002huq.3	17	40417850	40418050	-
89	AAATTTACACCATATCGTAAA	67	87	-1	70.8	0.00119358115126214	uc032fge.1	17	38118466	38118666	+
90	ACTTGTAACTCCTTTAGCATA	24	44	1	70.8	0.00119358115126214	uc031pzw.1	11	44951206	44951406	-
91	CTTTTAGACTGAATAGCTTTT	163	183	1	70.8	0.00119358115126214	uc001iyp.3	10	35195802	35196002	+
92	CTTTAGAACTTTGTGCTTGGA	89	109	1	70.8	0.00119358115126214	uc001iyi.3	10	35175487	35175687	+
93	TTTTGTTCTAGGCAGTGTGGA	6	26	-1	70.8	0.00119358115126214	uc003hld.3	4	78551488	78551688	+
94	GCCCTTTAATCACTTCTCATA	129	149	1	70.8	0.00119358115126214	uc009vxh.1	1	44673978	44674178	-
95	CTGTGAAAAGCAGTGGTTAGT	140	160	1	70.6	0.00129689298544209	uc002vuv.4	2	233692766	233692966	+
96	CTTTATACATAACCCCATGGA	133	153	-1	70.4	0.00140840400698423	uc002htp.3	17	40015261	40015461	+
97	TTTCCTGCAGCTTTGGCCAAA	8	28	-1	70	0.00165839081344248	uc011mak.2	9	127762340	127762540	-
98	CAATAGATAAGAGATGTCAAC	68	88	1	70	0.00165839081344248	uc003iyh.3	4	185775812	185776012	-
99	GCTTGTTTTTCTGCAACTAGA	158	178	-1	70	0.00165839081344248	uc032scw.1	3	133095543	133095743	-
100	GGCTATATAACTAAACACAGG	78	98	1	69.8	0.0017981409545449	uc002hxk.3	17	41688775	41688975	+
101	TTTTGTTACAGATGCACCTCT	166	186	1	69.8	0.0017981409545449	uc004bjg.3	9	114792430	114792630	-
102	TTTTCCTGATATGAAAATTGT	56	76	1	69.4	0.00211063112329078	uc001rkw.1	12	32334416	32334616	+
103	CCTTCATTATGAGAGGTTTAT	101	121	-1	69.4	0.00211063112329078	uc011kni.2	7	116698971	116699171	+
104	CTATGAGAATCTAATGTTGCC	23	43	-1	69.4	0.00211063112329078	uc032scw.1	3	133095543	133095743	-
105	TTCCCCTACACACATAACAAT	27	47	-1	69.4	0.00211063112329078	uc031uwl.1	1	149491940	149492140	+
106	CTGTCTCAAAGAGCAACCAGC	112	132	-1	69.2	0.00228488547513732	uc001yts.4	15	21398530	21398730	+
107	TCTTGGTAATAATAAAGCAGG	74	94	1	69.2	0.00228488547513732	uc003xly.3	8	38601157	38601357	-
108	GCATCTGAAAGACAGGTGTGC	128	148	1	69.2	0.00228488547513732	uc002rkv.3	2	27489604	27489804	-
109	CCATGGAAATCTGTTGGGAGA	40	60	1	69	0.00247222863741708	uc003xly.3	8	38601157	38601357	-
110	GTTTTTCCACCAAGCGAGATA	26	46	-1	69	0.00247222863741708	uc003ypc.2	8	120445298	120445498	+
111	ATATTTATAATGCCTGCTGTA	117	137	1	69	0.00247222863741708	uc001drs.1	1	96784959	96785159	+
112	ATTGTGGAAAGTCTCCGCTAA	151	171	1	68.6	0.00288970845835674	uc003ogl.4	6	33892444	33892644	-
113	CATTCTTGAAATGTGCATGGA	105	125	-1	68.4	0.00312173183123604	uc032fge.1	17	38118466	38118666	+
114	GTTTGTGAGTAAGCTGCCCCA	55	75	-1	68.4	0.00312173183123604	uc001kkm.3	10	95437455	95437655	-
115	GTTTGGATGTGGAAGCCGAGA	124	144	1	68.4	0.00312173183123604	uc003ypc.2	8	120445298	120445498	+
116	CTCTCAGAATGCCAGGCAATA	33	53	-1	68.4	0.00312173183123604	uc003mvy.3	6	4087244	4087444	-
117	CTGTACTCCAAAGCAACCAAA	111	131	-1	68.2	0.00337062144743382	uc002bfi.2	15	80072461	80072661	+
118	TTTTACTCTTCAGCCACTAGA	61	81	1	68.2	0.00337062144743382	uc002bfi.2	15	80072461	80072661	+
119	ATATGATGAAGTAAGAACTGT	115	135	1	68	0.00363745290268792	uc002kll.4	18	2706264	2706464	+
120	ATTTAACCCTGAGTGGACACA	74	94	-1	68	0.00363745290268792	uc032cmq.1	15	82997361	82997561	-
121	ATTTAACCCTGAGTGGACACA	106	126	-1	68	0.00363745290268792	uc032tvj.1	4	118400031	118400231	-
122	CCCTAATGAAGAGCTCACAGA	165	185	-1	68	0.00363745290268792	uc003dfb.1	3	52678497	52678697	-
123	AGATTTTAAAGTGAGCATCTG	169	189	1	67.8	0.00392335837970404	uc032fge.1	17	38118466	38118666	+
124	GTATGGGCACCAAAAGCGATA	128	148	1	67.8	0.00392335837970404	uc001iyi.3	10	35175487	35175687	+
125	TATTGTGAACTGCATATGCGA	56	76	1	67.8	0.00392335837970404	uc032upo.1	5	32106128	32106328	-
126	CTCTCCAAATCACAGGGCTCC	177	197	-1	67.8	0.00392335837970404	uc002vuv.4	2	233692766	233692966	+
127	CATCGTTAAAGTCTCTCTTCA	174	194	1	67.6	0.00422952872777751	uc001sfo.3	12	54280604	54280804	+
128	GCCTGTCACTCACCTGCCTAA	40	60	1	67.6	0.00422952872777751	uc001knt.4	10	97498694	97498894	-
129	CTTTGGGGAATGGTGCCTTCA	79	99	1	67.6	0.00422952872777751	uc003ogl.4	6	33892444	33892644	-
130	GCATGTTTCAGAGAGCACAGG	51	71	-1	67.5	0.00439060192502201	uc032cmq.1	15	82997361	82997561	-
131	ATTCTCCAGAGAGATTACACA	114	134	1	67.5	0.00439060192502201	uc003hxz.4	4	105710713	105710913	+
132	ATTTCTCTCCAAGAACCTTAC	167	187	-1	67.3	0.00472953590365639	uc001kkm.3	10	95437455	95437655	-
133	GTTTCCAAGTCTGGGGTTGGA	158	178	1	67.3	0.00472953590365639	uc011mak.2	9	127762340	127762540	-
134	CTTCGTTTAGGTCGGCTGGAA	73	93	-1	67.3	0.00472953590365639	uc003ypc.2	8	120445298	120445498	+
135	GCCTGTAAAGGAAATGCTGTG	66	86	1	66.9	0.00547935373986187	uc010bkj.1	15	74997114	74997314	-
136	GTCTGCTTCGGGCGGGCTAAA	110	130	1	66.7	0.0058931310480322	uc002huq.3	17	40417850	40418050	-
137	CTCGTTAAGAGTCATCACCAC	150	170	1	66.7	0.0058931310480322	uc032cmq.1	15	82997361	82997561	-
138	TTTCAAGTATCCAATCAGAGC	28	48	1	66.7	0.0058931310480322	uc001sfo.3	12	54280604	54280804	+
139	CTGTGCAAGAGGAAACCGTAC	180	200	1	66.7	0.0058931310480322	uc010lkl.3	7	121329467	121329667	+
140	TTTCCTGGAGGAAGTGTGATA	5	25	-1	66.5	0.00633486514052869	uc010bkj.1	15	74997114	74997314	-
141	TGTTCTCAGGGAGTGATCTAA	129	149	-1	66.3	0.00680617916610353	uc010rck.1	11	12398141	12398341	+
142	CTTTGTAAAGGGTCTGGAACT	104	124	1	66.3	0.00680617916610353	uc003ogl.4	6	33892444	33892644	-
143	CATTGAAAATATCCTGCCAAG	126	146	1	66.3	0.00680617916610353	uc003mvy.3	6	4087244	4087444	-
144	GTTTGCCAGGAAGATGTTACT	112	132	-1	66.3	0.00680617916610353	uc032wmp.1	6	15555807	15556007	+
145	TCATAATTAACAGTGATCGAC	41	61	-1	66.3	0.00680617916610353	uc003hxz.4	4	105710713	105710913	+
146	GTAGGTTGTAGTGAGCCGAGA	10	30	-1	66.1	0.00730877050951067	uc031vyp.1	10	17629608	17629808	-
147	ATCCGAGACTATAAGGATGAA	131	151	1	66.1	0.00730877050951067	uc003dfb.1	3	52678497	52678697	-
