match	start	end	strand	score	pvalue	seqID	seqChr	seqStart	seqEnd	seqStrand
1	CCCCCCCCCCCCGCCGTCCC	72	91	1	93.8	2.51231611579187e-08	uc003wtk.2	8	11201266	11201466	-
2	CCCCGCCCCGATCCCGCCCC	40	59	-1	91.7	8.86730388578749e-08	uc003mwq.4	6	5260850	5261050	-
3	CGCCCCGCCCCTCCCGCCCG	59	78	-1	91.7	8.86730388578749e-08	uc010yjk.3	2	11155272	11155472	+
4	CGCCCCGCCCCTCCCGCCCG	30	49	-1	91.7	8.86730388578749e-08	uc010yjk.3	2	11155272	11155472	+
5	CCGCCCGCCTCGGCCTCCCA	140	159	-1	91.4	1.05757580336273e-07	uc032htv.1	19	32341608	32341808	-
6	CCGCCCGCCTCGGCCTCCCA	141	160	-1	91.4	1.05757580336273e-07	uc032etj.1	17	10008938	10009138	+
7	CTCCTCCCCTCCCCCGCCCA	66	85	1	90.8	1.49988693804089e-07	uc002lup.1	19	2015603	2015803	-
8	GCCCGCGCCGCCGCCACCAC	104	123	1	90.3	2.0007749488549e-07	uc001knt.4	10	97498694	97498894	-
9	ACGCCCGCCGCTCCCACCCG	108	127	-1	90.1	2.24346481868491e-07	uc002lup.1	19	2015603	2015803	-
10	CTCCCCGCCGCCGCCGCCGC	40	59	1	90.1	2.24346481868491e-07	uc004aiy.2	9	72365147	72365347	-
11	GGCCCCGCCCCCGCCGCCCT	41	60	-1	89.2	3.73505699868745e-07	uc010fot.2	2	159904656	159904856	-
12	CTCCTCCCTGCCCCCTCCCC	62	81	-1	89	4.17798299900593e-07	uc011mak.2	9	127762340	127762540	-
13	CCCCGCCCCCGTCCCGCCCG	43	62	1	89	4.17798299900593e-07	uc001drf.4	1	95234055	95234255	+
14	CCACACGCCTCCCCCGCCCT	52	71	1	88.7	4.93869942321772e-07	uc003qna.3	6	149749595	149749795	+
15	GCCGCCGCCGCCGCCGCCAT	156	175	-1	88.3	6.16318738080374e-07	uc010awk.2	14	102319651	102319851	+
16	CCCCTCCCCGTTCCCTGCCT	48	67	1	88.2	6.51229754522271e-07	uc003wtk.2	8	11201266	11201466	-
17	CCCCACCCCTTGCCCCCCAC	84	103	-1	87.2	1.12305011868661e-06	uc010bkj.1	15	74997114	74997314	-
18	CCGCCCGCCTCGCCCCGCAC	14	33	-1	87.1	1.18523203730378e-06	uc003yzf.4	8	143684352	143684552	+
19	TCCCGCTCCGCCCCCCCCCA	90	109	-1	87.1	1.18523203730378e-06	uc001fpr.3	1	156705567	156705767	-
20	GTCCCCGCCTCGGCCGCCAT	98	117	1	86.7	1.46873634185841e-06	uc010awk.2	14	102319651	102319851	+
21	GCCCGCCCCGCCCCCTGGCC	9	28	-1	86.6	1.54920844761581e-06	uc010yjk.3	2	11155272	11155472	+
22	GCGCACGCGGCTCCCGCCCC	119	138	-1	85.9	2.24356541771751e-06	uc010fot.2	2	159904656	159904856	-
23	GTCGCCGCCGCTGCCGCCAC	150	169	-1	85.5	2.76562930484772e-06	uc003qna.3	6	149749595	149749795	+
24	CCCTATCCCTCTGCCTCCCT	112	131	-1	85.2	3.23173696588825e-06	uc010bkj.1	15	74997114	74997314	-
25	CCCCGCCCCCCTTCCTCTCC	17	36	1	85.1	3.4032062119894e-06	uc003wtk.2	8	11201266	11201466	-
26	CCCTGCGCCCCCGCCACCAA	61	80	-1	85.1	3.4032062119894e-06	uc001fpr.3	1	156705567	156705767	-
27	GCCGGCCCCTCTCCCTTCCG	72	91	1	85	3.58338104783503e-06	uc001knt.4	10	97498694	97498894	-
28	GCCCTGCCTGCGCCCGCCCC	103	122	1	84.8	3.97154855474742e-06	uc003mwq.4	6	5260850	5261050	-
29	GGCCCCCCCGCCGCGTCCCT	59	78	1	84.4	4.87218254580324e-06	uc002fna.1	16	89279616	89279816	-
30	GCCGCCGCCTCCACCGGCCA	112	131	-1	84.3	5.12620229413595e-06	uc001drf.4	1	95234055	95234255	+
31	CCGCCTGCCTTGGCCTCCCA	40	59	1	83.9	6.27494298939231e-06	uc031vyp.1	10	17629608	17629808	-
32	ACCCCTGCTTCTGCCTCCAC	3	22	-1	83.9	6.27494298939231e-06	uc003iyh.3	4	185775812	185776012	-
33	CCGCCTGCCTTGGCCTCCCA	1	20	1	83.9	6.27494298939231e-06	uc032rox.1	3	58290829	58291029	-
34	AGCCCCGCCGCGCCGGCCCG	67	86	-1	83.3	8.47046956866847e-06	uc021pcg.2	1	161447556	161447756	-
35	GCCCGCCCCTCCGCGCGCCG	137	156	-1	83.2	8.90138945726411e-06	uc010yjk.3	2	11155272	11155472	+
36	CCGCGCCCTGCTGCCGCCGG	165	184	-1	83	9.82689336430102e-06	uc003hld.3	4	78551488	78551688	+
37	CCCTCCTCCCCTCCCTCCTT	44	63	1	82.9	1.03234386750645e-05	uc002lup.1	19	2015603	2015803	-
38	CTCTGCCCGGCCGCCACCCC	39	58	1	82.9	1.03234386750645e-05	uc032rox.1	3	58290829	58291029	-
39	GCCTCCCGTGCCGCCGCCCC	161	180	1	82.6	1.19609193744645e-05	uc002fna.1	16	89279616	89279816	-
40	CCGACTCCCGCCGCCCGCCC	127	146	-1	82.6	1.19609193744645e-05	uc011bfe.2	3	58332790	58332990	+
41	ACGGGTCCCGCCCCCTCCCC	81	100	1	82.2	1.45329975997651e-05	uc004aiy.2	9	72365147	72365347	-
42	GCCGGCGCCGCGGCCGCGCA	126	145	-1	82.1	1.52540277191697e-05	uc001lht.2	10	124461672	124461872	+
43	GCGCCCGCCCGCCCCGCCGC	16	35	-1	82.1	1.52540277191697e-05	uc021vzg.1	2	241272731	241272931	-
44	ACCTGCGCCTCCCCGCCCCG	55	74	-1	81.8	1.76274158869849e-05	uc002kxg.3	18	32091755	32091955	+
45	CGCCCGGCCGCCGCCGCCTA	173	192	-1	81.7	1.84939109027396e-05	uc011bfe.2	3	58332790	58332990	+
46	ACCTCGCCCGCCGCCGCCTC	54	73	1	81.6	1.94008869907792e-05	uc004alz.3	9	81688581	81688781	-
47	CCGTTCCCCCCTGCCCGCCT	180	199	1	81.4	2.13434888994989e-05	uc002hxk.3	17	41688775	41688975	+
48	GCCCCTGACGGCCCCGCCCC	83	102	1	81.1	2.4608022535711e-05	uc002fna.1	16	89279616	89279816	-
49	CTTCCCACGGCCGCCGCCCC	36	55	-1	81	2.57979977085905e-05	uc011bfe.2	3	58332790	58332990	+
50	ACCACTGCCTCTGCCTCCAA	138	157	1	80.9	2.70425758009368e-05	uc001iyp.3	10	35195802	35196002	+
51	CCCCACGCCACCGCCATCGG	141	160	-1	80.9	2.70425758009368e-05	uc003wtk.2	8	11201266	11201466	-
52	CGCCTCGCTCCGCCCCTCCC	103	122	-1	80.7	2.9705065641947e-05	uc010yjk.3	2	11155272	11155472	+
53	CCCCCGTCCTCCTCCTCCGC	167	186	-1	80.5	3.2615509339825e-05	uc003xly.3	8	38601157	38601357	-
54	GCGCCCGCTGCTGCCCGGCC	54	73	-1	80	4.11228003809096e-05	uc003xxu.1	8	67952268	67952468	+
55	CCCCACGCGCCGCCGGGCCC	75	94	-1	79.8	4.50833342612272e-05	uc011bfe.2	3	58332790	58332990	+
56	GCCCGGGCCGACCCCGACCC	144	163	-1	79.7	4.71967407956345e-05	uc002lup.1	19	2015603	2015803	-
57	CTCCCCGCCTCTCCTGGCTC	164	183	1	79.7	4.71967407956345e-05	uc002kxg.3	18	32091755	32091955	+
58	GCTCCCGCCCTGGCCACCAG	143	162	1	79.5	5.17085824308825e-05	uc010ptz.1	1	214483376	214483576	-
59	CAGCGCGCCGCCGACGCCCG	37	56	-1	79.4	5.41149537401136e-05	uc021pcg.2	1	161447556	161447756	-
60	GCACTGCCCGCGGCCACCCG	86	105	-1	79.4	5.41149537401136e-05	uc001drf.4	1	95234055	95234255	+
61	CTCCCTCCCAGCACCGCCCC	69	88	1	79.1	6.19867365034611e-05	uc003mwq.4	6	5260850	5261050	-
62	CTCTGCCCGGCCGCCATCCC	155	174	1	79	6.48433031774464e-05	uc032rox.1	3	58290829	58291029	-
63	TCCCTCCCTTTAGCCCCCCT	61	80	1	78.9	6.7824161879767e-05	uc010kak.3	6	68635640	68635840	+
64	CTGCGCACCGCCGCCGACCA	109	128	1	78.8	7.09343671474805e-05	uc003xxu.1	8	67952268	67952468	+
65	CGCCGTCCCTCACCCGGCAC	104	123	1	78.7	7.4179162805365e-05	uc010wlg.1	17	48107449	48107649	+
66	TCCTTCCCTGCTGCCAGCCA	40	59	-1	78.3	8.86161131550307e-05	uc010bkj.1	15	74997114	74997314	-
67	CCTTCCCCACCCGCCTCCAG	86	105	-1	78.2	9.26195999799791e-05	uc010ptz.1	1	214483376	214483576	-
68	GCCTGCCCCGCCCGCACCTC	85	104	-1	78.1	9.67934854094852e-05	uc010fot.2	2	159904656	159904856	-
69	CCCAGCGCCAACGCCGCCGC	182	201	1	77.7	0.0001153319071914	uc002lup.1	19	2015603	2015803	-
70	CCCAGCTCTGCTCCCTCACC	122	141	-1	77.6	0.000120464191033288	uc003hld.3	4	78551488	78551688	+
71	GTCCCGGCTTCTCCCGCGCG	106	125	1	77	0.000156071658154061	uc021vzg.1	2	241272731	241272931	-
72	CTGCCCGTCGCTGACGCCCC	22	41	1	76.9	0.000162893718623953	uc010wlg.1	17	48107449	48107649	+
73	GCCTCCCCTTTTCCCAGCAT	55	74	1	76.9	0.000162893718623953	uc031wmi.1	10	77777945	77778145	+
74	ACGACCGCCGCCCCGCGCCT	92	111	1	76.6	0.000185082003938147	uc001vdj.2	13	49792821	49793021	-
75	GCGCGTGCGCTTCCCGCCCG	35	54	-1	76.6	0.000185082003938147	uc001osv.3	11	72793605	72793805	-
76	ACCCCGGCGTCACTCGCCCC	23	42	-1	76.6	0.000185082003938147	uc001lht.2	10	124461672	124461872	+
77	AGCCGCGCCTCTGACGCCAG	62	81	-1	76.5	0.000193088839410971	uc002hxk.3	17	41688775	41688975	+
78	ACCCCAACCCTCCCCTCCTC	54	73	-1	76.5	0.000193088839410971	uc010hmf.3	3	52294208	52294408	-
79	CGCCGCCCGGCGCCCGGGCT	115	134	-1	76.3	0.000210088720265544	uc004aiy.2	9	72365147	72365347	-
80	CTCTGCCCTCTGCCCTCCAC	1	20	-1	76.2	0.00021910654044911	uc010ega.3	19	38420868	38421068	-
81	CTCTGCCCGGCCGCCACACC	78	97	1	76.2	0.00021910654044911	uc031vyp.1	10	17629608	17629808	-
82	CACCGCCCCTCTGCCCCAGT	99	118	1	76.1	0.000228486833252156	uc002hxk.3	17	41688775	41688975	+
83	TTACCCCTCTCTCCCTCCCT	2	21	1	76	0.000238243059266329	uc002rtb.2	2	43595874	43596074	-
84	GCCCCCGCTAACCCCACACA	19	38	-1	75.6	0.000281312617885557	uc004alz.3	9	81688581	81688781	-
85	CCCACTCCTTCTCCCAACAG	50	69	-1	75.6	0.000281312617885557	uc003xly.3	8	38601157	38601357	-
86	GCGAGCCCCGCCTCTGCCCG	48	67	1	75.4	0.000305487491067933	uc009vxh.1	1	44673978	44674178	-
87	GCCTCCCCCTTGAGCCCCCT	146	165	1	75.3	0.000318291848743248	uc002hxk.3	17	41688775	41688975	+
88	CACCGCCCCTCCCTAGGCCC	110	129	-1	75.3	0.000318291848743248	uc002qxv.3	2	3558286	3558486	+
89	CCCCTCGTAAGTCCCGCCCC	12	31	1	75.3	0.000318291848743248	uc009vxh.1	1	44673978	44674178	-
90	CCCGACGCCCGGTCCGTCCG	5	24	-1	75.2	0.000331597260597546	uc021pcg.2	1	161447556	161447756	-
91	GCGCCGGCGGCTCGCGCCCA	21	40	-1	75.1	0.000345421762102901	uc002qxv.3	2	3558286	3558486	+
92	CCCTGCCCCGCCCGCGGGAC	87	106	1	74.9	0.000374703108778302	uc001lht.2	10	124461672	124461872	+
93	CCGCCCGCTGGTCCTGCCGC	142	161	-1	74.8	0.000390199006819343	uc021vzg.1	2	241272731	241272931	-
94	CCCCCTTTGGTTCCCACCCC	161	180	1	74.7	0.000406292133819597	uc010kak.3	6	68635640	68635840	+
95	GCACTCCCCTCGGCGATCCG	164	183	-1	74.2	0.000496479103913999	uc004alz.3	9	81688581	81688781	-
96	ACCCCAGCACCTCCTGCCAC	17	36	1	74.1	0.000516623110003477	uc001kkm.3	10	95437455	95437655	-
97	CCTAGCGCGGCTCCCGGCAA	119	138	-1	74	0.000537526848147369	uc031qfa.2	11	125111663	125111863	-
98	CCGCTGGCTGTCCCCGCCGT	179	198	-1	74	0.000537526848147369	uc010hmf.3	3	52294208	52294408	-
99	GCGCCTCCTACCTCCTCCTC	41	60	1	73.9	0.000559216505959976	uc003bso.3	3	9749844	9750044	+
100	ACCTGCCCCTCCAACCCCAG	168	187	-1	73.8	0.000581719073600531	uc011mak.2	9	127762340	127762540	-
101	GAGCCCGCTCCGCCCGGCTC	9	28	1	73.8	0.000581719073600531	uc002shz.3	2	71331655	71331855	+
102	GCCACCGCGCCCGGCCCCAG	98	117	-1	73.7	0.000605062364522293	uc032etj.1	17	10008938	10009138	+
103	CCCCTGGTCTCCGCTCCCCA	27	46	-1	73.5	0.000654386613764338	uc002fna.1	16	89279616	89279816	-
104	CGCCTCGCGGCTGCTTCCTC	144	163	1	73.5	0.000654386613764338	uc009ziq.3	12	21437504	21437704	+
105	CTCCCAGCTCCTGCGAGCCC	86	105	-1	73.4	0.000680427507767215	uc002shz.3	2	71331655	71331855	+
106	ATCCCCCCTTTCTTCTCCCT	150	169	-1	73.3	0.000707429040711238	uc010bkj.1	15	74997114	74997314	-
107	GCTGGCACCGCGCTCGCCCG	40	59	-1	73.3	0.000707429040711238	uc002shz.3	2	71331655	71331855	+
108	ATCCCATCCGCGCCCCACAC	177	196	-1	73.2	0.000735423467714168	uc002shz.3	2	71331655	71331855	+
109	GCCTTCCCGGGATCCGCCCG	173	192	-1	73.1	0.000764444000088951	uc010yjk.3	2	11155272	11155472	+
110	GCTCTCACCGTCTCCGTCCA	73	92	-1	73	0.000794524828914614	uc002huq.3	17	40417850	40418050	-
111	CGAGCCCCTGCATCCTCCCG	79	98	1	72.8	0.000858009183363879	uc010rck.1	11	12398141	12398341	+
112	ACCTCCGTTTTTCCCTCCAG	151	170	1	72.8	0.000858009183363879	uc003hae.3	4	53427927	53428127	+
113	CTCCCTGCAGTCCCCTGGCA	1	20	1	72.4	0.000999320308052581	uc003qna.3	6	149749595	149749795	+
114	CTCCTCAGCTCCGCGTCCCA	158	177	-1	72.3	0.00103786800249135	uc001lht.2	10	124461672	124461872	+
115	CCCCACCCTTTTCTCCCTAC	89	108	-1	71.9	0.00120622698507828	uc003hld.3	4	78551488	78551688	+
116	CTCTCCTCTGCACCCTTCTC	180	199	-1	71.8	0.00125208888299217	uc011jzu.2	7	29197641	29197841	+
117	CTCGGCGCGGCTGTCTCCGC	144	163	-1	71.7	0.0012995561945001	uc003xxu.1	8	67952268	67952468	+
118	TCACGTCCTGACCCCACCCA	32	51	-1	71.6	0.00134867953304065	uc002hxk.3	17	41688775	41688975	+
119	GCCGCCTCCGCCAACTCCGA	11	30	-1	71.6	0.00134867953304065	uc003xxu.1	8	67952268	67952468	+
120	GACTTATCTTCTCCCGCCCC	174	193	-1	71.6	0.00134867953304065	uc003bso.3	3	9749844	9750044	+
121	ACCCGCCACGCAGCCGCAGC	72	91	-1	71.6	0.00134867953304065	uc002rkv.3	2	27489604	27489804	-
122	TGAGCCACCGCGCCCGGCCG	100	119	-1	71.4	0.00145210368866028	uc032htv.1	19	32341608	32341808	-
123	GCCCGCCCCTCTCCTAGGTG	37	56	1	71.2	0.00156279445649634	uc010awk.2	14	102319651	102319851	+
124	GTCCCCGCTGTAGCTGCCGC	180	199	-1	71.2	0.00156279445649634	uc003qna.3	6	149749595	149749795	+
125	GCCGCAGACGGTGCCGGCCC	125	144	1	71.1	0.00162100658910001	uc002fna.1	16	89279616	89279816	-
126	CTCCGCGTCCCGGCCGACTA	142	161	-1	70.9	0.00174346123015905	uc004aiy.2	9	72365147	72365347	-
127	ACGTACCCTTCAGTCCCCCC	118	137	-1	70.9	0.00174346123015905	uc003xly.3	8	38601157	38601357	-
128	ACCTTCCTTTAGCCCGCCCG	118	137	-1	70.6	0.00194315743088169	uc002huq.3	17	40417850	40418050	-
129	CCCCTGCCTGGTGCCCCGAG	7	26	-1	70.5	0.00201425504261416	uc001knt.4	10	97498694	97498894	-
130	AGCTCACCCACAGCCTCCAG	2	21	1	70.5	0.00201425504261416	uc031wmi.1	10	77777945	77778145	+
131	CCTTCCCCCACTTCCATGCA	93	112	1	70.4	0.00208773278337974	uc032fge.1	17	38118466	38118666	+
132	CCCTTCGTTACGCCCTCCGA	72	91	-1	70.4	0.00208773278337974	uc031qfa.2	11	125111663	125111863	-
133	CCCCTCTGCCTGGCTGCCCA	154	173	1	70.3	0.00216366170020283	uc031vyp.1	10	17629608	17629808	-
134	CCCCTCTGCCTGGCTGCCCA	115	134	1	70.3	0.00216366170020283	uc032rox.1	3	58290829	58291029	-
135	TCTCACTCCGCTGACTGCCT	82	101	1	70	0.00240689323871544	uc031wmi.1	10	77777945	77778145	+
136	GCCCCCGCTGTGCTTGCACC	121	140	1	70	0.00240689323871544	uc011kni.2	7	116698971	116699171	+
137	GCTCGGACCGCTGCTACCCA	10	29	1	69.8	0.00258268877259717	uc031qfa.2	11	125111663	125111863	-
138	TTCTTCCCCTTCCCCTTCTT	95	114	-1	69.8	0.00258268877259717	uc031uwl.1	1	149491940	149492140	+
139	GCCCAGGCCGCGCCCCAGTT	43	62	1	69.6	0.00277015256307824	uc001lht.2	10	124461672	124461872	+
140	AGCCTACCTTCGCCCTCTCT	100	119	-1	69.5	0.00286847238295988	uc001sfo.3	12	54280604	54280804	+
141	CCCACCCGGTCGGCCTGGCA	165	184	1	69.3	0.00307473068709792	uc010ptz.1	1	214483376	214483576	-
142	GCCCAGCCTGTCCTCATCCT	172	191	-1	69.2	0.00318285270019787	uc010fot.2	2	159904656	159904856	-
143	ACGTGCGTCTCCTCGGCCCC	10	29	-1	69.2	0.00318285270019787	uc010fot.2	2	159904656	159904856	-
144	CACCGCACTTCCGTCACCGG	45	64	1	69.1	0.00329442928383046	uc002qxv.3	2	3558286	3558486	+
145	CCCCCCTCCACTCACTTGGG	144	163	-1	69	0.00340955772454275	uc010wlg.1	17	48107449	48107649	+
146	CAGAACGGCCCGCCCACCCT	9	28	1	69	0.00340955772454275	uc003bso.3	3	9749844	9750044	+
147	CCGCCCGCTGCGTTGGCCGG	161	180	-1	69	0.00340955772454275	uc021pcg.2	1	161447556	161447756	-
148	CTCTTCTCCTGGTCCGCCTC	91	110	-1	68.8	0.00365087074387608	uc004alz.3	9	81688581	81688781	-
149	CTTCGCTCAGGCGCCCCCAC	127	146	-1	68.6	0.00390761626316297	uc001osv.3	11	72793605	72793805	-
150	GTCCGCCCCTAGTCCGGGAC	2	21	1	68.6	0.00390761626316297	uc001osv.3	11	72793605	72793805	-
151	TACCTCCTGGACGCCTCCCC	133	152	-1	68.6	0.00390761626316297	uc011mak.2	9	127762340	127762540	-
152	ACACACGCCCCAACCTGCTT	88	107	-1	68.6	0.00390761626316297	uc003xly.3	8	38601157	38601357	-
153	TCCGGGGCCGCGTTCCGCCC	71	90	-1	68.5	0.00404204429300342	uc010wlg.1	17	48107449	48107649	+
154	ATCTCGGCCCAGCCCTACCT	160	179	-1	68.2	0.00447089528183946	uc010ega.3	19	38420868	38421068	-
155	CGGGACCCAGCAGCCGCTCC	8	27	-1	68.2	0.00447089528183946	uc003mwq.4	6	5260850	5261050	-
156	CGCCGTCGCTCAGCGACCCG	71	90	1	68.1	0.00462275649744329	uc010awk.2	14	102319651	102319851	+
157	CTGTCTACCTCTCCCTTGCT	117	136	-1	67.9	0.00494057198360522	uc002vuv.4	2	233692766	233692966	+
158	TTTTACCCCGCCTCCTCGCT	79	98	-1	67.8	0.0051067778010476	uc001sfo.3	12	54280604	54280804	+
159	GCCCAGGCCGGTGCCTGAAA	145	164	-1	67.8	0.0051067778010476	uc031pzw.1	11	44951206	44951406	-
160	CCTTTTCCCTTATCCTCCAG	100	119	1	67.8	0.0051067778010476	uc011jzu.2	7	29197641	29197841	+
161	CCATGACCTGCCTGCTCCCC	46	65	-1	67.7	0.00527802123223444	uc010ega.3	19	38420868	38421068	-
162	CTCAACACTCCCTCCTCACC	52	71	-1	67.7	0.00527802123223444	uc010rck.1	11	12398141	12398341	+
163	CGCCCAGCTGCTTACGTCAC	86	105	1	67.6	0.00545443490717316	uc002kxg.3	18	32091755	32091955	+
164	CGGCGGCCCAATCCCGCCTG	45	64	-1	67.6	0.00545443490717316	uc021vzg.1	2	241272731	241272931	-
165	CCGGCGCACGGCGCCTTCCG	112	131	-1	67.4	0.00582331760162256	uc002kxg.3	18	32091755	32091955	+
166	ACCACCCCCGACCAAGCCGC	178	197	-1	67.4	0.00582331760162256	uc002huq.3	17	40417850	40418050	-
167	CCCCAGGCCTCGCTGTTCTC	97	116	1	67.2	0.0062145438258007	uc010hmf.3	3	52294208	52294408	-
168	CTGCCCGTGGACGCCGCCGA	149	168	1	67.1	0.00641889787763535	uc001sfo.3	12	54280604	54280804	+
169	GTCTCTGCCTGGCCGCCCAT	116	135	1	67.1	0.00641889787763535	uc031vyp.1	10	17629608	17629808	-
170	GTCTCTGCCTGGCCGCCCAT	77	96	1	67.1	0.00641889787763535	uc032rox.1	3	58290829	58291029	-
171	CCGCCAGCCAAAGCAGTCCC	120	139	1	67	0.00662927830311355	uc031pzw.1	11	44951206	44951406	-
