match	start	end	strand	score	pvalue	seqID	seqChr	seqStart	seqEnd	seqStrand
1	GGCTGCCCAGTCTGGAAAGTGAGGAGCGTCTCTGC	126	160	1	98.8	8.87350179550898e-17	uc032rox.1	3	58290829	58291029	-
2	GGCTGCCCAGTCTGGAAAGTGAGGAGCGTCTCCGC	165	199	1	98	2.1861013251376e-16	uc031vyp.1	10	17629608	17629808	-
3	CGCCACACCGTCTGGGAAGTGAGGAGTGTCTCTGC	89	123	1	96	1.98131424026408e-15	uc031vyp.1	10	17629608	17629808	-
4	CGCCACCCCATCTAGGAAGCGAGGAGCGTCTCTGC	50	84	1	94.4	1.09778772197798e-14	uc032rox.1	3	58290829	58291029	-
5	CCGCCCATCGTCTGGGATGTGAGGAGCCCCTCTGC	128	162	1	93.5	2.81892226798959e-14	uc031vyp.1	10	17629608	17629808	-
6	CCGCCCATCGTCTGGGATGTGAGGAGCCCCTCTGC	89	123	1	93.5	2.81892226798959e-14	uc032rox.1	3	58290829	58291029	-
7	CGCCATCCCATCTAGGAAGTGAGGAGCGCCTCTTC	166	200	1	92.3	9.69262092782998e-14	uc032rox.1	3	58290829	58291029	-
8	GGTTTCCAAGTCTGGGGTTGGAGGGGCAGGTCCAG	157	191	1	78.6	2.10963711205501e-08	uc011mak.2	9	127762340	127762540	-
9	AGTTGATGAAACTGGAAATTTAGGTGCGGGCTCTT	119	153	1	71.4	3.57897997818356e-06	uc003iyh.3	4	185775812	185776012	-
10	AGTCTACCAATGCCGAAAGCGAGGAGGCGGGGTAA	62	96	1	70.6	5.98696912687741e-06	uc001sfo.3	12	54280604	54280804	+
11	CCGCCCGGAGGCTCGGGACCCAGCAGCCGCTCCAC	6	40	-1	69	1.62036023856972e-05	uc003mwq.4	6	5260850	5261050	-
12	CTCTTCAGCCACTAGAATTGGAGAAGGTGGAGCTT	66	100	1	68.5	2.19171039050651e-05	uc002bfi.2	15	80072461	80072661	+
13	CTCCACACCCTCAGGGAGGAGGGGAGGGTTGGGGT	39	73	1	67.7	3.52166869144472e-05	uc010hmf.3	3	52294208	52294408	-
14	TCCCGCCCGGTTGCGGAGGCGCGGGGCGCCCCCGG	54	88	1	66.1	8.79583309301318e-05	uc001drf.4	1	95234055	95234255	+
15	GTCGGTTGGGACGCGGAGCTGAGGAGCAGGGCCGG	152	186	1	65.7	0.000109815955698804	uc001lht.2	10	124461672	124461872	+
16	CGCACCTCTGTCTAGGCCTCTGGGGGCGCCCCGGC	58	92	-1	65.7	0.000109815955698804	uc010fot.2	2	159904656	159904856	-
17	ATTTACACCATATCGTAAAGCAGAAGCTACTCAAC	51	85	-1	65.3	0.00013672845919791	uc032fge.1	17	38118466	38118666	+
18	GGGTGAAGAAACCTGAATTAGCGGAGACTTTCCAC	154	188	-1	65.3	0.00013672845919791	uc003ogl.4	6	33892444	33892644	-
19	GCCTAGCGAGGCGGGGCGGGGAGGCGCAGGTGTCA	44	78	1	64.9	0.000169769122115053	uc002kxg.3	18	32091755	32091955	+
20	GGCGGGCCCGGGCGGGAGGGGCGGGGCGGGCCCGG	51	85	1	64.9	0.000169769122115053	uc010yjk.3	2	11155272	11155472	+
21	GGCCTCCCAAAGTGCCCAGAGTGCAGCCTCTGCCC	12	46	1	64.1	0.00025958679464639	uc032rox.1	3	58290829	58291029	-
22	ACTTGCAGCACCGAGGGGTTGTGGAGAGCCCTTGC	158	192	1	63.7	0.00031967561480691	uc001vdj.2	13	49792821	49793021	-
23	GGACGCCTCCCCTTGGATATCTGAAGGCCATCTAC	110	144	-1	63.7	0.00031967561480691	uc011mak.2	9	127762340	127762540	-
24	TTCGGAAAACATCTGGAATTGGGGAGCGGCTTAAC	42	76	1	63.3	0.000392598233619418	uc010lkl.3	7	121329467	121329667	+
25	GGCCCCCCAGGTGGGGGGGGGCGGAGCGGGAGGCG	79	113	1	62.9	0.00048084001797818	uc001fpr.3	1	156705567	156705767	-
26	GCGTCCCAAGTGAGTGGAGGGGGGATCCCGACTCC	140	174	1	62.5	0.000587310626607208	uc010wlg.1	17	48107449	48107649	+
27	CGTCACCGGCGCGGGAAGATGACGCACGTCTGGGC	56	90	1	62.5	0.000587310626607208	uc002qxv.3	2	3558286	3558486	+
28	GGTGCCTGTGTTTAGTTATATAGCCGCGCCTCTGA	68	102	-1	62.1	0.0007154045736756	uc002hxk.3	17	41688775	41688975	+
29	GGTGAAGCAAACAGAAAATTGTGGAGGTTTTGTTG	153	187	1	61.7	0.000869068130667084	uc002bfi.2	15	80072461	80072661	+
30	CCGCCCCTAGTCCGGGACCTCTGGGCGGTCCCGGG	4	38	1	61.7	0.000869068130667084	uc001osv.3	11	72793605	72793805	-
31	CCGCGAGCCGGCGGAAGGGAGAGGGGCCGGCCTGG	68	102	-1	61.7	0.000869068130667084	uc001knt.4	10	97498694	97498894	-
32	TAGACCACCCAAATGAAAATGAGCAGCAGCTACTT	164	198	-1	61.7	0.000869068130667084	uc031wmi.1	10	77777945	77778145	+
33	GAAGATGGGGAGGGGGCAGGGAGGAGCCACAGTTC	56	90	1	61.7	0.000869068130667084	uc011mak.2	9	127762340	127762540	-
34	TCAAGTACCGACAGGAAGTTGACGAGTTCGGGCTC	163	197	-1	61.7	0.000869068130667084	uc002qxv.3	2	3558286	3558486	+
35	CCTTCCGCGGGTTGTGACGTAAGCAGCTGGGCGCC	84	118	-1	61.3	0.00105287280193643	uc002kxg.3	18	32091755	32091955	+
36	AAGCCGAGAGTCTCGGGATCGACACGTGGGGGCGC	102	136	1	61.3	0.00105287280193643	uc001osv.3	11	72793605	72793805	-
37	CCGGGTGCAAACCCGGAACTGGGGCGCGGCCTGGG	44	78	-1	61.3	0.00105287280193643	uc001lht.2	10	124461672	124461872	+
38	CACGTCGGCGTCTGAGAAGAGTCGCAGGCGCCTGG	104	138	-1	61.3	0.00105287280193643	uc002rtb.2	2	43595874	43596074	-
39	GCTCGCAGGAGCTGGGAGGCGCGCATGCGTGCAGC	88	122	1	61.3	0.00105287280193643	uc002shz.3	2	71331655	71331855	+
40	CAGGCCGGTGCCTGAAATGGAAGGGACTGCTTTGG	127	161	-1	60.9	0.00127209553214858	uc031pzw.1	11	44951206	44951406	-
41	GGCCTCCCAAAGTGCCGAGATTGCAGCCTCTGCCC	51	85	1	60.9	0.00127209553214858	uc031vyp.1	10	17629608	17629808	-
42	CGACCTCACGCCTACTAACAGTGAAGCCTTTCTTA	35	69	-1	60.9	0.00127209553214858	uc001iyi.3	10	35175487	35175687	+
43	CCGCGCCGCTTCGGGGGCGGGCGCAGGCAGGGCTC	101	135	-1	60.9	0.00127209553214858	uc003mwq.4	6	5260850	5261050	-
44	AAGCTTAGAGACCGGTGAGGGAGCAGAGCTGGGGC	109	143	1	60.9	0.00127209553214858	uc003hld.3	4	78551488	78551688	+
45	GGGCGGCGGCCGTGGGAAGGGCGGCGCTAGGACCC	37	71	1	60.9	0.00127209553214858	uc011bfe.2	3	58332790	58332990	+
46	GGGTCCTGAGAGTGGGGATCTCGGCCCAGCCCTAC	162	196	-1	60.5	0.00153280570752918	uc010ega.3	19	38420868	38421068	-
47	CTCCCAAAGTGCTGGGATTACAGGCGTGAGCCACC	111	145	-1	60.5	0.00153280570752918	uc032htv.1	19	32341608	32341808	-
48	CTCCCAAAGTGCTGGGATTACAGGCGTGAGCCACC	112	146	-1	60.5	0.00153280570752918	uc032etj.1	17	10008938	10009138	+
49	CGTCCCGGCTTCTCCCGCGCGGGGGGCGAGTAAGC	105	139	1	60.5	0.00153280570752918	uc021vzg.1	2	241272731	241272931	-
50	GCGCTCAGCAGGCGGGGCGGGAGCCGCGTGCGCCC	106	140	1	60.5	0.00153280570752918	uc010fot.2	2	159904656	159904856	-
51	AGCAGCTGACTCGGGCAGAGGCGGGGCTCGCCAGG	44	78	-1	60.5	0.00153280570752918	uc009vxh.1	1	44673978	44674178	-
52	CCCACCGCGCTCGGCGTTGCCGGGAGCCGCGCTAG	103	137	1	60.1	0.00184195889620111	uc031qfa.2	11	125111663	125111863	-
53	AACCTCCGGAGCTGGGAAGAGAGTCAAGATGGCGG	100	134	1	60.1	0.00184195889620111	uc003wtk.2	8	11201266	11201466	-
54	TGTTTTATCAAACTGGAATAGAGGTTGCTGTTTGC	136	170	-1	60.1	0.00184195889620111	uc011jzu.2	7	29197641	29197841	+
55	CGAGGGGGGCTAAAGGGAGGGAGAAGCCCCCCCAA	48	82	-1	60.1	0.00184195889620111	uc010kak.3	6	68635640	68635840	+
56	GTGTAATCTCTCTGGAGAATCAGGGAATCATCTGT	99	133	-1	60.1	0.00184195889620111	uc003hxz.4	4	105710713	105710913	+
57	CAGAACCGAAAATTGGACGAGACGTGTGGCCCGTA	16	50	1	59.7	0.00220749713479441	uc032htv.1	19	32341608	32341808	-
58	GGCTGCAGGCTCCGGGCTGTTTTGGGGCCCAGCTC	163	197	-1	59.7	0.00220749713479441	uc002htp.3	17	40015261	40015461	+
59	ATTCATTCTATTTGGGGAGTTAGAAAAGGATCCAA	29	63	1	59.7	0.00220749713479441	uc032etj.1	17	10008938	10009138	+
60	TCAAAGGCAGTCAGCGGAGTGAGAAAGCTTTATGC	71	105	-1	59.7	0.00220749713479441	uc031wmi.1	10	77777945	77778145	+
61	ATCCTTATAGTCTCGGATGGTATTATAGAGTTCAT	114	148	-1	59.7	0.00220749713479441	uc003dfb.1	3	52678497	52678697	-
62	GGTCTGGCAGGCAGGACACCTGGGAGCCAAACCTC	142	176	-1	59.7	0.00220749713479441	uc002rtb.2	2	43595874	43596074	-
63	CCAATCCCAAACAAAGGAATCAGGAGGGATCCAGC	167	201	-1	59.7	0.00220749713479441	uc009vxh.1	1	44673978	44674178	-
64	TCCCTCACAGCCCGGGCGCCGGGCGGCGAGTGCGT	107	141	1	59.3	0.00263845540835613	uc004aiy.2	9	72365147	72365347	-
65	GGAGCCCACGTCTCGGTGGTGCGCGCTGGCCTTCC	46	80	-1	59.3	0.00263845540835613	uc003yzf.4	8	143684352	143684552	+
66	GCGCCAAGGACCTGGAGAAGCAGCTTCGCCTGCGC	165	199	1	59.3	0.00263845540835613	uc003xxu.1	8	67952268	67952468	+
67	GGGGTGCGTCCAGGGGAGGGGCGGAGCGAGGCGGG	90	124	1	59.3	0.00263845540835613	uc010yjk.3	2	11155272	11155472	+
68	CTGAGCCGCCGCCGAGGATTCAGCAGCCTCCCCCT	121	155	1	58.9	0.00314507378821575	uc002hxk.3	17	41688775	41688975	+
69	GTGCACAGGCTCCAGCTACCGATACGCTGCTCTGA	149	183	1	58.9	0.00314507378821575	uc001yts.4	15	21398530	21398730	+
70	CGGAGGCTGGGGGCGGCAGCGAGGATGGCGGCGGC	132	166	1	58.9	0.00314507378821575	uc010awk.2	14	102319651	102319851	+
71	GGGGGAAACGAATGGAGAGGAAGGGGGGCGGGGAG	15	49	-1	58.9	0.00314507378821575	uc003wtk.2	8	11201266	11201466	-
72	CTCCTCTGCACCAAGGTAAACAGGAGCACGAGGAT	145	179	-1	58.9	0.00314507378821575	uc011kni.2	7	116698971	116699171	+
73	TCCAGGCTTCTCTGGGGACCGAGATAGCCTTCTCC	1	35	-1	58.9	0.00314507378821575	uc001fpr.3	1	156705567	156705767	-
74	TACTTCATCATATAGTGCCTGAGGTTCCTGAATAA	93	127	-1	58.5	0.00373891448834464	uc002kll.4	18	2706264	2706464	+
75	CTCCTAACCGACGCGCGTCTGTGGAGAAGCGGCTT	150	184	1	58.5	0.00373891448834464	uc002huq.3	17	40417850	40418050	-
76	CAAGTGGAGCTCTCCTAACCGACGCGCGTCTGTGG	139	173	1	58.5	0.00373891448834464	uc002huq.3	17	40417850	40418050	-
77	GAGGGCAGCTCTTGGAATGTAACGGGAGGATGCAG	86	120	-1	58.5	0.00373891448834464	uc010rck.1	11	12398141	12398341	+
78	CCCCTCGGCGATCCGCGTGCGCGGCGCCAGTCCTG	144	178	-1	58.5	0.00373891448834464	uc004alz.3	9	81688581	81688781	-
79	TGGCTACCTCTAGGTGAAATGAGCGGTGGTTGAGC	65	99	1	58.5	0.00373891448834464	uc003bso.3	3	9749844	9750044	+
80	GGCCCCGGCTGCTATATAGGGCGGCGGCCCAATCC	51	85	-1	58.5	0.00373891448834464	uc021vzg.1	2	241272731	241272931	-
81	TTCTACGGCGTCTCCGAGGCTCGCAGCGCGGTCCA	46	80	-1	58.5	0.00373891448834464	uc002rtb.2	2	43595874	43596074	-
82	AGCACCCCGGACAGGAAAGACAGAAAAAGAGGTCC	85	119	-1	58.5	0.00373891448834464	uc009vxh.1	1	44673978	44674178	-
83	AGCCACAAAATGGCGGCGGGTGGGAGCGGCGGGCG	92	126	1	58.1	0.00443298287605117	uc002lup.1	19	2015603	2015803	-
84	GCTCTCACCGTCTCCGTCCAGAAGAACCAATCGTA	58	92	-1	58.1	0.00443298287605117	uc002huq.3	17	40417850	40418050	-
85	GCCGGCTGCGTTTCGGAAGCAACGAATTGTCTCGT	32	66	-1	58.1	0.00443298287605117	uc009ziq.3	12	21437504	21437704	+
86	TGGTTCCAAAGCTGTGATGAATGGCTTGGCACCTG	111	145	1	58.1	0.00443298287605117	uc001kkm.3	10	95437455	95437655	-
87	GGCATCAGTCTCTTCCCCGTGAGGACTTTGCATAA	163	197	-1	58.1	0.00443298287605117	uc003jms.2	5	42175245	42175445	-
88	AGCTTGTTTTTCTGCAACTAGATGGTCTCATCTGG	145	179	-1	58.1	0.00443298287605117	uc032scw.1	3	133095543	133095743	-
89	GGGACGCGAGGTAGGAACCCGAGGCGCCGACTCCC	138	172	-1	58.1	0.00443298287605117	uc011bfe.2	3	58332790	58332990	+
90	AGCCTTCAGCTATGAGAAGTGATTAAAGGGCATGG	125	159	-1	58.1	0.00443298287605117	uc009vxh.1	1	44673978	44674178	-
91	CCCTGTGCTCTCTGAAACATGCGCTGTGTCCACTC	50	84	1	57.7	0.00524185122953155	uc032cmq.1	15	82997361	82997561	-
92	CGGGCAGAAAGGAGCAAGCTGACGAACGTATCTGC	121	155	-1	57.7	0.00524185122953155	uc001sfo.3	12	54280604	54280804	+
93	ACTCTGGACTCCAGGAGAGGAAGCAGCCGCGAGGC	145	179	-1	57.7	0.00524185122953155	uc009ziq.3	12	21437504	21437704	+
94	CCGACCTCAGTTCGGTTGGGTAGCAGCGGTCCGAG	11	45	-1	57.7	0.00524185122953155	uc031qfa.2	11	125111663	125111863	-
95	CCCGCCCCAGGTGCGCATGTGACCGACAGCACCGC	123	157	1	57.7	0.00524185122953155	uc001knt.4	10	97498694	97498894	-
96	CAGGACAGGACATGTGAAATCAGGGACGTCTGGGG	18	52	-1	57.7	0.00524185122953155	uc003ogl.4	6	33892444	33892644	-
97	ACATGTGAAATCAGGGACGTCTGGGGAAACCCTCT	9	43	-1	57.7	0.00524185122953155	uc003ogl.4	6	33892444	33892644	-
98	GGGCCGAGGGCGGGGGAGGCGTGTGGCCCAGCCGC	43	77	-1	57.7	0.00524185122953155	uc003qna.3	6	149749595	149749795	+
99	GCTCACTCATATAGGGATTGGAGCCGTGGCGCACG	147	181	1	57.7	0.00524185122953155	uc010hmf.3	3	52294208	52294408	-
100	GCGGCGTGGGCGGGGGAGGGGAGGAGGGAAGGAGG	57	91	-1	57.3	0.00618178377567522	uc002lup.1	19	2015603	2015803	-
101	GGGAAGGAGGGAGGGGAAAGGAGGAGAGTAGGGGG	12	46	-1	57.3	0.00618178377567522	uc002lup.1	19	2015603	2015803	-
102	GGGCGGAGGAGCCAGGAGAGGCGGGGAGGCACGGG	157	191	-1	57.3	0.00618178377567522	uc002kxg.3	18	32091755	32091955	+
103	TCTCCACGCCTAGTGAGAACGAGGAGAATGCCGGG	16	50	-1	57.3	0.00618178377567522	uc001vdj.2	13	49792821	49793021	-
104	CATTCTGCAAGAAAGAAAGAGAGCATGAGGTTTGT	70	104	-1	57.3	0.00618178377567522	uc001kkm.3	10	95437455	95437655	-
105	CCTTGCAGGATTTTGGATTGGAATGTGGCACCCGC	11	45	-1	57.3	0.00618178377567522	uc004bjg.3	9	114792430	114792630	-
106	AACCACAAGCGGTGCGGGGCGAGGCGGGCGGCCTG	3	37	1	57.3	0.00618178377567522	uc003yzf.4	8	143684352	143684552	+
107	CTCATGGTCGGCGGCGGTGCGCAGCGCGGCGCTGC	98	132	-1	57.3	0.00618178377567522	uc003xxu.1	8	67952268	67952468	+
108	GCGCCTTCTTTCTGCGCTTTGGGGAATGGTGCCTT	63	97	1	57.3	0.00618178377567522	uc003ogl.4	6	33892444	33892644	-
109	GCCCGCCCACCCTGATTTCTCATTGGCGCCTCCTA	16	50	1	57.3	0.00618178377567522	uc003bso.3	3	9749844	9750044	+
110	CAATTCCTCACCTGAGGGCTCAGCAGGGTCCTCAG	167	201	-1	57.3	0.00618178377567522	uc002rkv.3	2	27489604	27489804	-
