Gene_ID	tumor_1	tumor_2	tumor_3	tumor_4	tumor_5	tumor_6	tumor_7
11304	129	116	32	110	32	831	38
11363	931	2419	473	494	945	2910	1610
11364	1485	2014	980	788	1173	2296	1502
11409	1315	2284	1158	730	1103	998	1559
11421	2192	211	203	835	433	2218	340
11434	5	4	30	1	5	8	3
11443	135	882	57	54	88	820	458
11459	23	865	8	9	5	46555	3287
11468	2230	161	550	603	206	449	83
11470	8	44	11	26	19	15	12
11474	10	21	25	20	13	12764	223
11522	77	0	0	14	34	196	0
11548	2	6	4	2	13	36	51
11550	99	3	11	12	25	26	7
11565	365	119	121	113	84	781	112
11572	0	0	0	0	0	0	0
11576	1	0	1	1	0	2	0
11602	60	5	0	11	2	18	5
11607	173	162	20	82	29	222	70
11610	877	442	484	330	327	1740	372
11622	1030	167	142	312	281	663	211
11639	1529	3967	2158	661	342	5573	3770
11643	0	0	0	0	0	1	1
11648	0	1	0	0	0	0	0
11668	99	176	188	105	120	575	78
11690	2015	91	179	407	262	1036	167
11692	1775	2140	1709	1619	2464	2343	1586
11699	0	10	0	0	4	0	0
11702	0	0	0	0	0	1	0
11705	17	20	21	15	16	3	13
11740	15372	17928	14232	14734	14612	15513	15835
11754	2023	126	423	421	269	566	214
11803	3168	1572	3130	1598	1790	467	1034
11804	12423	9191	9317	6654	7578	16278	10387
11812	13	1	6	4	31	99	1
11821	2341	4513	2298	2099	1451	2034	2825
11831	342	235	471	26	119	168	655
11833	2	1	0	1	0	0	0
11837	32934	70363	36947	23545	35567	31436	41661
11840	14593	15490	12263	10399	11874	14381	15585
11843	11049	11123	13746	7505	9030	13012	15127
11844	4091	3063	3979	3136	3768	3042	5329
11848	13019	11770	8317	7858	9021	13472	13286
11853	2154	1704	796	1196	1068	3004	1182
11871	71	5	2	9	34	2	4
11878	466	0	295	203	1664	353	30
11908	1018	1350	883	950	997	1399	1456
11947	42903	60653	35384	30958	40275	90425	50355
11966	9658	7692	7108	5587	5601	8012	7373
11983	5159	6140	4059	3889	3955	5236	4700
12005	4377	4576	2971	2987	4935	5901	4696
12033	1375	1602	1251	1038	1158	1384	1098
12050	1685	1544	2059	1022	1363	1949	1813
12062	425	89	196	63	55	216	209
12096	1	3	1	1	6	6	2
12156	174	30	35	67	54	94	9
12183	1824	1769	1636	1711	2088	1547	2427
12215	16271	20532	12318	11045	9843	11342	17368
12235	4728	8072	4191	3782	5696	8199	10145
12261	1979	3913	2590	2086	2735	2390	3676
12299	11	38	1	9	2	463	27
12308	898	645	850	72	110	356	350
12311	0	0	2	2	0	2	0
12319	1	3	1	112	149	57	6
12338	100	120	129	310	104	540	36
12359	5132	8806	4666	3861	5247	6552	6489
12361	7077	7496	9510	5408	7095	5696	6912
12362	1263	201	138	277	265	948	93
12367	6834	13703	6486	5458	6359	8982	6798
12390	2356	895	808	998	1195	1088	407
12409	1828	44	343	502	20	1473	83
12417	2101	1896	2810	2005	2742	1492	3131
12418	1278	916	1131	975	768	800	1424
12424	47	9	2	15	17	100	38
12460	375	294	445	549	469	470	448
12461	17596	29823	20020	15337	21028	29696	22648
12496	106	157	66	153	117	162	22
12502	127	18	4	46	65	64	5
12503	95	7	7	32	61	87	15
12526	75	25	0	21	99	58	1
12556	0	0	0	1	2	1	0
12571	3523	2589	3971	41490	12024	2608	8431
12572	1956	2539	1415	1373	1642	2613	1609
12609	780	51	176	320	216	764	93
12613	4	3	4	5	5	0	1
12649	1637	2042	952	1188	1510	2016	2696
12652	3101	1464	1239	806	676	270	806
12659	242	230	314	318	214	214	320
12684	1	3	5	1	0	4	9
12702	3138	4617	2421	2167	2371	2973	3393
12721	5385	840	1393	1820	1568	2383	991
12767	4566	11554	6561	11805	9374	10616	14716
12773	2	1	0	2	9	2	0
12790	0	0	1	0	5	2	1
12795	1046	1638	1581	893	1292	1384	1302
12798	5372	1247	927	2511	1181	1881	1467
12799	1110	1174	377	1103	1595	1326	691
12812	1123	1899	957	961	908	1228	1634
12826	55034	20037	19582	30054	22499	31137	26922
12843	196976	5983	30564	58891	30827	38278	11584
12857	9201	14068	7606	8309	7980	12579	11096
12879	17	3	10	8	4	24	1
12889	2276	1830	1463	469	1176	238	263
12896	694	990	681	575	710	1171	695
12909	1295	2651	1126	832	922	1356	1360
12912	9001	11722	8915	5594	9923	10448	11082
12925	2480	319	310	1002	526	2322	578
12959	40	2	2	0	22	13	6
12961	0	0	0	0	0	0	0
12968	1	0	2	0	1	1	0
12970	1	2	0	1	0	0	0
12985	1	3	7	4	1	0	7
12993	0	0	0	0	0	0	0
12994	0	0	0	0	0	0	0
13008	2212	1339	908	1070	902	2996	1349
13057	3755	446	973	1072	1005	1624	1143
13072	0	0	0	0	0	0	0
13074	0	0	0	1	4	1	0
13075	15	1	0	0	0	1	1
13086	0	0	0	1	0	1	0
13087	0	0	0	0	0	0	0
13090	0	0	0	0	6	0	0
13120	102	26	8	47	124	233	23
13121	7224	11398	7340	32691	8346	9531	9295
13166	0	0	0	0	0	1	2
13167	1644	4960	2980	2438	3862	4926	4604
13198	484	1475	745	490	417	939	908
13209	18127	23333	14268	14504	22114	21160	18358
13367	3190	2786	1643	1652	2342	3505	2241
13418	1581	2405	1656	1634	2070	2391	1480
13447	2192	970	360	25	860	2022	236
13486	4302	4349	3696	2578	3784	4972	4180
13494	4395	8390	4388	3867	4538	5346	5788
13511	0	4	1	0	9	0	0
13532	0	0	0	0	0	0	0
13555	1653	2255	1414	2139	2680	2470	2544
13586	1	0	0	0	0	0	0
13589	13425	19336	14251	11416	14661	18665	19116
13615	1	0	5	0	4	19	0
13627	231339	305540	197326	168888	213273	249116	284580
13629	132211	179663	110312	88951	118151	85134	126864
13641	1556	1056	733	1284	825	2471	2182
13646	2	24	0	0	0	0	0
13656	59	104	65	6	8	20	26
13706	0	3	0	0	0	0	0
13713	3681	1063	1082	1854	1647	2642	1445
13716	936	1081	841	863	906	1019	1015
13722	2607	5183	2350	2192	2389	4116	3581
13723	3459	1039	932	1042	730	1200	125
13726	1984	2559	2067	2400	2199	3127	2869
13731	703	163	123	255	248	516	137
13732	1509	129	244	409	229	588	486
13836	235	521	113	492	1119	1272	1016
13837	2410	6012	3968	1459	962	1303	9154
13869	3784	1299	2622	758	1639	680	783
13877	2265	3123	1418	2025	2117	2750	3969
14011	4129	3118	3241	3076	3305	3220	3215
14029	0	0	0	0	0	0	0
14030	10240	15605	11277	11186	12631	13529	15433
14038	0	0	0	0	1	0	0
14066	840	64	161	331	171	311	71
14071	12	1	0	8	4	6	0
14073	45	38	3	18	28	18	2
14081	3290	2365	1383	1263	1710	5511	2371
14082	418	286	310	361	424	2511	352
14125	0	0	0	0	1	14	0
14132	4707	432	740	981	853	2530	542
14178	371	64	72	86	34	317	130
14194	3098	4875	3120	2931	3008	4994	4790
14204	1	1	1	3	0	3	3
14226	475	583	302	107	138	220	136
14262	2	0	0	0	0	0	0
14300	1780	2200	1462	1570	1465	2207	1843
14343	1	14	6	3	5	11	13
14344	13	18	9	18	31	8	33
14365	13219	22577	33466	13313	21031	13328	20991
14373	113	222	90	69	85	341	200
14395	831	152	151	12	20	10	7
14419	5	13	6	2	1	36	26
14423	6714	5227	5385	3809	4841	7712	6381
14456	15834	285	1603	3692	1842	12315	2198
14464	0	0	4	0	1	1	0
14526	6	2	0	6	0	10	0
14531	0	0	0	0	0	0	0
14534	3254	4530	3221	2853	3485	3331	4348
14548	451	577	608	408	543	473	743
14555	109	226	101	242	261	1372	89
14566	48	156	39	62	56	26	52
14569	21031	34628	14175	16498	22271	22406	17007
14582	5	0	0	7	2	0	3
14587	4	0	0	4	1	20	0
14599	6	0	1	0	0	0	2
14645	16547	9793	8629	7823	10140	15629	9912
14652	2	0	5	2	2	4	0
14670	2751	3064	2128	2183	3332	4973	3275
14677	1059	686	1130	517	919	1616	1191
14687	588	655	762	395	556	281	535
14695	34	29	19	30	24	33	20
14699	0	0	0	0	0	0	0
14711	37	8	6	2	9	11	3
14714	20	14	12	11	6	9	19
14738	1	0	0	0	0	0	0
14747	1820	528	615	903	789	1504	433
14782	4696	6029	2802	3533	3881	6221	5727
14823	3	4	2	12	9	3	2
14827	12956	12244	10387	8684	9372	14500	9717
14873	1253	201	270	540	312	504	389
14897	24663	32674	22840	29774	25068	35166	28582
14924	5215	3796	4318	4683	7059	4481	4912
14938	909	23	0	54	20	208	7
14941	624	5	409	82	2	0	0
14945	34	15	0	14	12	46	4
14962	3789	464	188	2683	1928	7419	450
14985	1	0	0	0	2	1	0
14991	1207	172	145	299	332	681	107
14998	2011	117	242	338	809	1422	144
15000	163	22	10	56	88	239	22
15024	547	177	91	156	344	487	166
15108	1130	2077	830	1295	1050	2047	1633
15112	2	2	1	1	1	1	2
15130	0	0	0	0	0	0	0
15163	3206	354	537	975	806	1474	453
15200	561	331	599	329	297	253	225
15205	818	785	789	1253	1062	1387	1850
15206	2	3	1	1	4	14	55
15212	7394	2227	3756	3805	4335	3966	1404
15223	19	34	13	31	91	29	9
15234	824	79	193	251	225	209	44
15248	703	79	92	252	190	479	200
15331	4027	8000	2708	2955	3834	11648	5722
15364	57	1	19	32	41	85	6
15368	14818	4178	2219	5299	1197	3325	2462
15373	0	0	0	13	0	0	1
15376	0	1	33	634	172	808	1
15377	1	0	4	0	5	0	4
15394	21	0	1	26	7	6	1
15397	1	0	0	1	0	2	0
15427	75	4	30	73	13	32	7
15439	852	16	119	237	932	2344	160
15446	431	51	458	231	264	148	245
15452	6110	6112	3572	3943	3288	5592	5374
15458	13	3	2	13	14	3	4
15465	39	15	22	52	19	23	29
15476	47	36	79	35	9	58	18
15512	1048	1431	1029	848	1784	1342	2351
15529	2481	4220	2413	1854	2034	5164	2921
15557	0	0	10	7	3	2	3
15893	1164	1469	1133	973	1220	539	1308
15936	935	1460	1055	1148	878	1583	3558
15953	4785	650	265	1040	2881	6660	408
15959	1457	512	164	927	1248	4738	371
16008	1995	2567	1527	2510	1436	12125	6598
16009	28177	11848	8086	12731	8390	8196	8578
16153	63	0	6	9	3	46	1
16154	3653	344	579	975	1098	1688	311
16156	14	11	21	10	10	2	20
16163	0	0	1	0	0	2	0
16168	301	64	34	90	66	153	56
16176	274	79	213	360	197	242	724
16187	0	0	0	0	0	0	0
16189	0	0	0	3	0	2	6
16191	2	5	0	1	5	3	1
16196	27	10	1	4	8	9	5
16419	8607	878	2071	2803	2631	2342	1064
16447	0	0	0	0	8	0	0
16467	2028	297	1728	1037	1587	142	112
16470	1	4	3	0	2	0	5
16492	0	1	11	1	32	0	2
16500	1433	1489	1164	1269	1826	2209	1163
16508	1594	28	392	155	425	27	51
16513	765	355	894	1121	1319	458	198
16525	1608	2313	2403	203	695	2477	1377
16541	201	14	18	106	100	241	53
16543	2187	984	1957	1125	1428	1508	812
16545	0	14	0	0	0	1	0
16576	216	767	216	315	416	279	545
16580	1021	884	596	898	1570	1158	1186
16588	720	1009	690	701	642	764	793
16597	2683	2422	3907	2248	3709	2236	2893
16600	276	110	108	236	170	1459	159
16617	0	0	0	0	0	0	0
16628	0	0	0	1	2	0	0
16631	0	0	0	0	1	0	0
16638	42	0	0	1	6	5	0
16642	3	0	0	2	12	4	0
16660	0	0	0	0	14	0	0
16663	0	0	0	0	0	0	0
16665	0	0	0	0	26	0	0
16668	0	0	0	1	0	10	0
16691	0	4	0	0	1	1	0
16701	0	0	0	0	0	0	0
16769	0	0	0	0	14	0	0
16770	4	0	2	7	3	2	9
16779	2126	2595	650	1247	1302	3801	2815
16816	9	197	96	63	253	68	109
16832	3092	4408	2235	2031	2320	3136	2895
16841	2	0	0	0	0	0	0
16846	0	3	0	0	37	414	1
16847	199	126	107	412	404	325	52
16854	6803	1041	1269	2414	953	2047	877
16869	904	3284	1799	2418	3085	380	780
16873	0	17	6	0	1	2	0
16881	3499	2830	3223	2846	5057	3121	4444
16911	1989	2508	1858	1890	2659	4162	3043
16949	5497	8846	1108	2942	4709	6114	8275
16950	7208	838	1716	1679	1079	956	812
16952	6797	641	2366	2467	1002	3260	1208
16975	721	1091	2152	1012	2696	4657	1647
17035	1178	986	476	342	396	1067	451
17071	0	0	0	0	0	0	2
17113	11129	7655	6731	5447	5768	7290	8000
17125	3918	3209	2856	2446	2859	3264	2809
17138	0	0	0	0	0	0	0
17153	1	71	30	1	27	118	5
17156	7735	8852	6090	4887	7006	12187	6004
17161	1694	2779	1597	1549	1935	2681	1930
17168	694	828	587	769	783	840	985
17171	4	15	3	3	1	104	10
17173	31	6	10	12	3	44	10
17184	29690	36076	34212	22829	33261	32056	32021
17188	6773	4663	6040	6733	8956	5158	6925
17189	2	126	0	0	0	2678	138
17195	0	0	0	0	0	0	0
17203	25	11	14	0	20	37	7
17225	1	0	0	0	5	12	1
17228	3	0	0	0	2	162	1
17231	63	0	126	3	0	3	0
17252	1975	2042	944	1026	1230	1376	2529
17268	4024	13915	6411	6512	7075	7715	12722
17313	1581	1337	504	2880	640	1232	1917
17349	249	585	184	182	168	831	255
17387	10728	7093	5797	7119	7888	10315	11629
17388	791	477	324	1251	1553	3837	594
17389	1368	3023	3267	3149	3159	1264	3394
17391	7026	7493	6796	1308	3156	1883	577
17392	3299	31	431	444	92	1035	152
17394	81	12	19	53	7	9	32
17427	393	1290	331	280	294	532	428
17448	6295	16353	5792	5516	6336	7385	9059
17476	28667	3624	8152	9708	9646	12688	3081
17528	9	6	1	2	2	475	0
17532	1598	1729	1263	1548	2851	1253	2455
17536	134	7	15	61	65	57	16
17681	41	37	16	202	40	47	1
17688	6718	8425	4720	4966	8563	11225	6521
17691	1226	290	248	362	149	1287	280
17714	1873	3126	1946	1316	1792	2532	2192
17749	90	151	101	70	85	125	100
17773	0	0	0	1	0	0	2
17857	437	83	47	457	562	738	109
17872	943	589	989	580	626	669	814
17882	4	3	0	1	0	1483	344
17937	1140	1162	702	528	572	1846	1561
17973	1601	1287	1061	913	809	1435	1327
17974	2121	3321	2281	2006	3190	4016	3411
17997	2381	2793	2553	2736	3253	2899	3133
18004	1424	2419	1447	1076	1181	1629	1774
18024	5018	4466	2550	2559	3208	4810	2877
18096	0	0	0	0	0	2	0
18100	836	1234	1272	1076	796	1205	1815
18102	5975	9069	5657	4859	4575	4564	6988
18104	44	37	25	47	64	287	10
18107	5109	6458	3791	3719	3693	5305	6072
18155	10	364	504	24	61	1	8
18164	2973	889	1410	1343	2800	13480	2542
18194	1356	2443	1068	879	1641	1555	2146
18209	1311	894	440	1494	1845	394	365
18232	0	0	1	1	0	1	0
18293	6775	8075	4828	3565	5184	7741	6215
18346	0	0	0	0	0	0	0
18356	8	11	0	1	58	174	2
18363	0	0	0	0	0	0	0
18386	5	2	1	1	2	9	1
18405	1	22	1	3	2	72	2
18415	2074	3635	2114	1416	1611	2698	1912
18459	0	0	0	0	0	0	0
18478	0	0	0	0	0	0	0
18483	2641	3293	3254	3110	3223	1524	2870
18526	231	398	202	432	1014	18	389
18554	2045	1485	1210	1247	993	1612	1332
18559	471	34	118	92	103	205	50
18570	1815	1586	1382	1441	1233	1751	1396
18591	1459	583	262	609	515	647	396
18610	9	1	4	3	18	0	2
18611	11200	4883	4997	6364	6908	5621	3378
18619	69	2	0	217	54	28	8
18630	0	0	0	0	0	0	0
18667	4	2	8	1	2	342	1
18673	1153	2034	925	816	981	1496	1233
18682	15	38	38	1	13	489	14
18722	0	0	0	0	0	0	0
18738	7127	6055	4784	3986	4086	5505	4231
18752	53	36	42	41	28	34	6
18767	5450	6363	5056	3129	3992	4105	3411
18780	0	0	0	0	0	0	0
18782	139	3	5	18	95	173	3
18787	11798	721	8097	4339	946	1547	1428
18796	836	34	121	184	321	289	59
18811	0	0	0	0	0	0	0
18812	0	0	0	0	0	0	0
18826	20456	3143	4922	5439	3724	7503	3022
18946	0	0	0	0	0	20	0
18949	3297	5316	3324	4050	3847	4111	5289
18950	2153	861	798	878	1076	2310	1022
18985	380	444	143	34	117	42	25
19014	6172	9173	6769	5901	6899	7134	7696
19016	314	128	66	224	94	378	58
19035	5462	10184	6296	5155	4886	5760	8374
19045	10166	9487	10471	11240	10553	14749	32973
19046	17804	17800	16070	7358	15927	23115	18086
19073	2412	499	1468	1157	761	1405	816
19114	0	0	0	0	0	0	0
19134	4440	13101	4595	5972	5805	5635	4903
19170	9351	12456	6868	6494	9468	15836	9071
19172	7897	12412	6608	5921	7325	14569	10336
19175	4978	8927	5037	5609	5005	7969	8293
19213	0	0	0	0	0	0	0
19241	96579	41950	42733	35251	35555	46691	22763
19252	1642	1469	1210	1161	1000	1898	1100
19256	0	13	18	3	22	5	19
19264	11785	1031	1836	3464	3133	6041	1335
19272	2276	3506	1535	1185	1846	1810	1580
19283	569	324	1052	2081	6395	19	334
19289	51	145	77	120	255	35	45
19290	832	757	886	892	247	794	1174
19294	1803	148	842	549	378	1030	728
19296	544	737	487	318	743	673	351
19326	2850	2297	1841	1917	2815	3021	2132
19335	1256	1540	959	777	1249	1741	1181
19366	1030	1728	1145	1071	1486	1868	1773
19384	9317	24009	10224	8136	11490	14048	17800
19400	67	44	16	14	33	147	49
19645	6107	5749	7255	3577	6548	5739	7766
19671	626	718	957	983	853	833	1035
19692	0	0	0	8	0	0	1
19696	270	190	152	116	136	267	126
19734	599	631	359	226	490	3646	963
19752	8	10	4	11	1	0	4
19894	847	270	540	85	1022	1978	3599
19895	1173	1280	1013	1265	1002	831	1487
19899	4353	4534	4861	3872	4636	3829	4417
19934	12072	23679	15570	12542	12861	23572	19869
19981	1815	2656	1908	1687	1517	1862	2090
19989	23304	46020	27076	25536	22744	32668	29085
20021	1066	1738	1005	1130	1094	1376	1396
20024	6297	9339	7886	5151	7357	8633	9850
20028	0	0	0	2	0	0	0
20044	16961	30555	18813	14201	16424	24993	24352
20102	17305	30390	20894	18093	17611	27027	20702
20103	21489	21003	25552	20850	25134	20500	23975
20115	1657	1900	1748	1781	1562	1290	2259
20116	7402	14599	10290	7253	8340	12723	10831
20135	9115	7778	3342	5685	8180	9922	13786
20202	79	2	110	201	19	110	433
20204	517	26	67	142	56	58	62
20222	1748	2066	1444	1746	2083	1773	2299
20229	4772	2140	2396	2919	2441	2802	1552
20262	5444	6780	7292	4129	4689	1267	4225
20276	549	443	217	39	88	41	41
20287	51	101	39	6	9	1140	8
20290	19	0	0	10	20	27	8
20304	144	117	25	102	160	145	28
20322	1167	2502	690	658	518	988	926
20335	86	180	128	102	145	151	151
20340	7565	6779	7505	5440	5903	9170	6270
20342	63	22	14	15	15	36	63
20344	71	0	55	180	150	171	12
20345	2159	124	286	665	598	877	240
20419	1216	3164	1927	1575	2321	2009	3591
20420	749	835	641	490	918	409	730
20423	7	0	0	0	22	2	2
20438	632	1013	722	914	864	1159	1041
20445	1	1	1	0	0	2	0
20448	5133	1592	2017	614	826	3691	1930
20449	2595	761	3942	2175	2353	2708	1847
20452	2318	420	305	750	593	966	484
20467	4958	5960	3672	4538	4423	7504	5739
20474	142	31	7	100	76	447	57
20479	5028	5274	3581	2594	3518	5868	4341
20501	3903	7593	5308	2459	3427	5032	4740
20530	1252	452	351	425	473	1235	403
20532	73	9	4	7	21	66	13
20536	963	1007	969	1318	755	636	760
20599	0	0	0	0	0	0	0
20606	4585	5529	4921	3776	10784	6602	10470
20609	0	0	0	0	4	2	16
20639	2796	4809	3431	2895	2889	3927	3804
20643	2852	5619	2991	5788	2866	4490	3817
20648	581	652	619	280	395	1158	495
20650	1736	1629	691	1074	1157	2346	1132
20681	34	2594	704	1607	2175	2957	4269
20682	1023	3867	4344	2353	4355	7172	9085
20686	31	173	40	56	55	131	81
20687	11387	12342	10028	10622	11874	14334	14733
20689	0	4	4	147	76	30	3
20700	0	0	0	0	0	0	0
20703	2	0	0	0	0	11	4
20708	259	106	62	71	121	152	15
20709	0	0	0	0	0	1	0
20717	11	0	0	25	67	96	1
20728	351	72	53	144	59	19	27
20751	931	1422	722	988	813	1152	1842
20775	5397	8735	4875	1715	5419	6548	7967
20821	1146	290	369	383	606	1524	329
20832	2540	2190	2040	1715	1978	2484	1831
20888	0	0	0	0	0	0	0
20932	10765	8694	7336	6474	6223	10051	7241
20957	33	226	11	1	9	59	2
21338	0	1	0	0	2	1	0
21339	471	996	481	1169	518	681	584
21390	181	30	13	90	40	39	53
21402	13070	20033	13675	12024	14492	14712	16149
21407	30	48	11	2	3	33	60
21648	163	198	134	159	190	249	158
21665	75	114	67	71	111	50	88
21753	1431	958	585	528	395	432	286
21755	0	0	0	0	0	0	0
21784	0	1	0	1	1	0	0
21803	2244	205	773	920	663	1265	757
21853	2989	3182	2780	2469	4290	5980	4277
21856	1481	3022	1807	1732	1560	2270	2589
21899	527	218	96	145	105	362	122
21925	9	50	0	0	2	7140	108
21927	5003	5719	3524	4020	3932	5524	5337
21936	37	14	41	49	56	55	40
21937	4401	1260	1272	1581	1246	2620	1255
21941	8	6	1	0	4	2	4
21944	361	95	74	130	85	161	54
21947	7	0	0	4	6	0	0
21953	25	33	4	13	5	9124	118
22026	6888	5385	5737	5334	7831	5438	7037
22032	1830	4850	3219	4816	4666	5494	8334
22064	0	1	0	1	0	0	0
22070	2433	4653	4166	2763	3051	3971	8020
22072	0	0	0	0	0	0	0
22073	0	0	0	0	0	0	0
22134	4330	2867	3129	2355	2580	3403	2652
22144	5	1	4	3	1	1	7
22145	701	904	999	183	138	1937	218
22163	31	46	20	48	50	23	15
22166	6511	9907	3977	4719	4870	10865	7626
22169	1189	991	273	933	1236	4939	837
22209	1297	1222	914	924	990	2131	1121
22218	2999	4444	3351	2014	3297	5287	4455
22223	10488	7877	5046	3984	4380	8196	3466
22240	16165	9152	8710	5669	6706	10667	10372
22253	4884	1859	2363	378	891	756	1929
22269	0	0	0	0	0	0	0
22301	0	0	0	0	0	0	0
22312	0	0	0	0	0	0	1
22318	1914	1074	1410	851	1191	1138	770
22326	0	1	0	7	4	3	0
22334	8977	11438	9995	5720	7022	12108	16006
22340	286	419	651	646	700	494	583
22341	574	43	62	140	60	110	172
22344	6375	8175	5901	6489	5776	6678	7137
22348	0	0	0	0	1	0	2
22359	2500	1474	3601	2997	1551	3152	2476
22363	1	0	0	0	0	0	0
22364	1	0	0	5	4	5	8
22370	40	92	39	283	169	247	27
22380	2312	3129	3275	2043	2202	2751	4129
22402	6818	471	1183	2601	1250	525	589
22403	1010	17	11	846	227	1165	2
22413	21	1	3	1	1	153	0
22414	170	104	72	112	205	108	70
22415	137	313	37	100	42	26	20
22422	5	27	1	73	77	29	3
22423	0	0	0	0	0	28	0
22433	4821	3806	4465	3119	2681	4607	2343
22437	31	34	3	1	1	577	134
22446	22	0	12	5	2	36	19
22644	3227	1763	2615	1554	2424	1882	1686
22682	11486	8166	11804	11120	8944	11462	6259
22687	2105	3111	2016	1666	1726	1911	2204
22698	815	913	783	631	929	839	804
22712	290	309	156	134	112	189	116
22719	1024	519	710	587	609	484	537
22722	1045	1569	810	872	856	1355	1387
22764	6330	7890	5362	5824	6330	10876	6820
22772	10556	7632	13769	893	8085	10815	13830
22779	704	1155	321	246	621	521	970
22782	1874	2356	1309	1401	1564	3420	1754
23790	7995	11479	7819	5249	6395	7918	11480
23836	1540	5280	4417	3458	7559	7745	11428
23837	3183	7067	3361	3077	3013	4881	5389
23873	694	899	598	553	572	576	691
23886	78	65	58	82	17	77	100
23893	1471	21	586	450	195	242	96
23919	0	1	0	0	1	0	4
23934	172	229	144	59	273	203	200
23959	1200	1180	229	283	380	719	248
23960	189	26	12	145	100	457	26
23993	0	0	0	0	10	11	0
23996	7085	5007	5814	4955	6842	6000	6071
23999	1752	1218	877	776	1001	1489	1057
24010	3445	5785	3657	2585	3277	4625	4390
24014	2957	438	263	523	535	1627	121
24052	190	127	77	122	221	411	305
24068	1849	2201	1444	984	1191	2150	1739
24075	1174	767	1112	1068	1358	907	805
24084	47	11	17	12	10	8	16
24115	18	4	7	13	12	24	9
24132	707	635	556	464	728	715	451
26372	1378	2251	1877	1221	1574	1866	1985
26383	4194	5256	4222	3689	4398	4949	5073
26388	2641	290	332	918	716	9002	241
26417	2466	1776	1458	1899	2220	1572	1367
26423	4	3	1	3	0	4	3
26437	1	0	0	0	0	1	0
26439	0	0	0	0	0	0	0
26440	6755	5586	6685	4523	6487	7427	5402
26565	1	0	0	1	1	0	0
26569	2154	2296	1847	1371	1891	1741	1474
26894	2710	4678	2656	1893	2749	3834	4913
26910	0	0	0	0	1	0	0
26943	33784	10767	11459	12027	9445	24073	11972
26949	5844	5916	3107	3996	3128	2773	2829
26968	2575	5549	3971	1848	2821	2529	7344
27029	881	414	304	357	309	403	236
27096	2284	2601	1875	1563	1907	2902	2028
27176	4007	7776	5048	4180	4624	4429	6992
27205	2389	2329	717	3959	2233	1978	1334
27217	5	1	0	1	1	8	1
27260	34	66	2	14	10	49	37
27261	556	76	73	186	158	231	72
27263	2	0	0	0	0	0	0
27273	359	88	73	69	105	1867	61
27281	62	524	363	110	193	403	429
27380	0	0	0	0	0	0	0
27382	0	0	0	0	0	0	0
27400	0	0	0	0	0	0	0
27426	990	333	433	411	329	562	578
27979	7813	16982	6146	6377	8923	10092	10325
28006	9314	13107	8479	6746	7837	8164	10315
28015	7613	10718	7011	6614	7914	12844	14258
28019	2659	3593	3271	2142	2585	2614	3522
28036	2328	4597	2480	2081	2739	4908	3797
28040	2049	1474	1487	1775	993	918	1308
28078	0	0	0	0	0	0	0
28081	1748	2151	1675	1429	1534	1720	2290
28126	1069	1651	846	1426	1295	1502	1467
28199	2316	2198	3095	1574	2336	2483	3485
28295	1692	1708	1584	751	1469	1346	1570
29817	15518	4055	4230	6940	5082	5428	4129
29863	416	81	69	198	345	582	109
29873	171	200	395	896	2805	438	116
29876	14632	17683	12759	12302	14574	20454	15613
30046	12003	19945	13062	12080	11171	13118	14783
30051	16	1	13	26	23	11	3
30054	9	0	10	1	1	5	5
30840	813	1437	1043	480	919	867	1000
30843	366	470	416	450	508	604	563
30927	3	3	0	4	7	15	0
50500	26	292	71	109	72	125	104
50505	747	738	913	938	1002	945	1206
50525	0	0	2	0	0	0	0
50702	0	0	0	0	0	3	0
50708	24851	23779	17232	24872	19000	23759	42844
50723	1088	774	424	467	1125	1018	507
50776	204	437	197	176	229	308	247
50795	22	101	28	14	15	270	49
50916	0	0	0	0	1	0	0
50918	4391	2169	1288	2331	1366	3050	1950
50928	32	3	1	11	3	16	0
50929	8	1	1	2	0	0	1
51786	8841	9511	6081	5360	7072	9720	12258
51788	2298	4085	2333	1960	2390	4299	4254
51795	828	103	221	200	188	541	94
51797	5952	10454	5934	6193	6036	9373	7844
51875	431	90	115	102	90	154	93
52013	785	828	1113	636	1029	1053	895
52024	0	0	0	0	0	0	2
52064	1512	1815	1510	974	1255	1669	1869
52065	2661	4127	2209	1434	1642	2210	1726
52118	523	191	215	378	163	636	100
52174	1878	2741	1794	1738	1593	2630	2096
52184	864	1217	934	815	935	1131	1121
52276	2036	4034	1999	2255	2771	5092	5314
52357	1520	2002	677	904	922	2339	1711
52521	1232	1711	1016	924	846	1766	1422
52614	258	24	9	59	37	62	24
52715	1986	3678	2274	1548	2043	2581	2780
52717	1579	2172	1392	1167	1494	1590	1958
52897	4035	2651	3257	976	3217	1398	1294
52915	5013	5161	4859	5095	5735	3391	4684
53323	4891	6006	5918	3246	5659	7241	5294
53356	3279	6676	3315	3406	3496	5247	5718
53380	775	1334	708	653	678	1293	1106
53382	5446	8610	5051	3339	5113	10263	7599
53414	2267	2327	1289	1584	2033	2495	1964
53598	1790	2523	1576	1509	1322	1858	1761
53622	0	8	0	1	2	1	0
53814	39	145	117	72	61	68	92
53861	5316	10502	8044	5334	6386	8302	7072
53902	2918	3855	2317	2040	2200	3491	2079
53973	0	0	0	0	0	0	0
54132	1022	686	342	541	580	1182	538
54137	115	229	125	148	108	75	74
54140	535	4	79	210	57	27	36
54150	0	0	0	0	0	0	0
54199	204	101	196	114	173	244	229
54208	12161	2005	13488	7413	13635	12036	6663
54342	935	1358	1270	748	737	1156	1279
54380	2447	3742	2728	1856	2098	3273	2780
54390	10	3	3	7	22	5	0
54393	6464	2165	4403	2053	5279	2174	1552
54401	13930	12772	11665	9441	11379	13678	12534
54419	1	3	0	1	0	0	0
54420	0	0	0	0	1	0	0
54426	4	6	6	5	8	2	0
54604	7663	4750	3427	4713	5203	7814	6962
54624	1700	1322	2086	1217	1702	1165	1393
54634	38	12	13	23	22	32	16
54638	1044	1702	1082	1107	1007	1667	1554
54646	170	294	207	293	479	283	143
54673	14617	16984	13481	8173	13116	23635	13908
54683	2667	1189	1549	1562	1454	1784	1520
54723	1803	1927	1608	1149	1595	1949	1981
55927	1673	2789	2307	2553	2078	3568	4915
55938	2	16	9	3	12	3	1
55943	814	1166	507	517	545	800	835
55978	774	972	750	551	607	761	977
56045	4933	3279	1772	2462	3344	9791	2316
56046	1771	2767	1911	1255	1390	2113	2336
56068	1124	2124	1020	1244	1111	2938	1541
56089	31	49	9	54	29	124	144
56150	3630	2910	2991	2750	4586	3703	5349
56173	13	1	2	3	1	11	78
56175	165	29	68	128	102	231	85
56196	1513	4461	1805	1701	1797	1701	1848
56216	750	140	783	165	410	128	127
56221	224	2	1	35	0	8	1
56228	4559	5888	3754	3035	3648	7206	5497
56248	2405	2713	2941	1896	4416	3199	2235
56273	1295	1768	1168	1209	1072	2059	1887
56291	300	317	585	246	331	411	477
56295	1003	2890	1173	1221	783	1460	3270
56296	2	6	9	18	13	15	36
56309	479	618	448	372	411	875	641
56314	1868	5358	2359	1737	2310	2243	2271
56336	2997	2035	1821	1684	2048	2811	1159
56338	17564	2866	2685	4269	5952	12831	2998
56350	351	1053	1179	573	1147	874	960
56351	7420	10958	8206	5670	8461	13723	9004
56374	6740	6847	6070	4769	5295	7198	5023
56412	1021	1559	1152	798	1344	1470	1202
56426	1507	1630	1140	1040	1136	1760	1507
56434	5965	7954	7343	5227	7043	9439	9505
56437	166	1029	90	207	238	582	339
56438	3794	6021	3669	1798	3751	5048	4522
56440	4215	6392	3126	3178	3253	4388	6366
56444	5017	6189	2982	3482	3491	6167	6554
56470	1591	1369	857	1104	1054	1326	1149
56550	3530	4667	3218	1839	3338	5525	3348
56552	0	2	0	0	0	0	0
56554	15	25	22	17	1	50	55
56612	3252	3039	2394	1794	2447	3292	3677
56644	1111	588	472	799	1028	1162	570
56696	155	7	9	65	104	111	13
56702	18673	21790	15517	17556	57343	20556	36064
56708	33	4	9	45	18	19	18
56710	1413	453	805	202	401	67	283
56724	2880	2676	2016	1965	2586	3080	1856
56737	3623	4669	4872	2726	3261	3937	3791
56738	676	436	249	413	597	1007	428
56772	1923	4010	3028	1726	1625	1570	1350
56847	238	60	79	168	77	213	43
56861	0	0	0	0	0	0	0
56876	1848	4155	4049	2496	4614	3410	3494
57014	0	1	0	0	4	0	0
57260	5	3	1	2	0	4	1
57276	33	11	2	27	17	9	29
57294	56	83	70	65	62	89	80
57296	8150	5142	6802	5140	5959	5908	6181
57319	2275	319	618	908	711	1285	302
57357	782	684	359	354	444	732	491
57385	3	1	7	8	6	1	1
57390	0	6	0	2	0	4	1
57394	2	1	0	0	0	0	0
57441	918	2023	517	792	724	978	1060
57742	6	19	14	13	12	13	10
57746	82	36	94	56	47	530	19
57764	1642	1042	1479	676	1121	1024	551
57808	596	2087	2002	1493	1754	1459	2115
57837	817	1314	856	813	818	957	1141
57875	3374	679	1728	1015	653	987	1070
57905	2203	3118	2640	2078	2304	2084	4018
57916	47	1	10	7	9	19	2
58198	619	2674	941	623	1539	1558	1116
58203	1165	393	101	429	829	3476	261
58205	51	5	6	12	22	64	9
58233	415	658	228	381	350	982	512
58235	2502	2732	2287	3935	2749	2415	4567
58523	5528	9257	5647	4243	5470	7304	7035
58802	727	372	335	136	524	188	150
58875	2387	2290	1988	1876	2032	2280	3369
58992	0	0	0	0	0	0	0
59010	897	409	159	248	158	500	160
59011	2	0	0	5	1	2037	17
59012	142	11	16	712	795	74	10
59028	813	1043	1507	707	1414	1049	1188
59050	1075	1895	1120	1183	1043	1546	1302
60363	64	95	37	47	36	53	26
60409	1453	2196	1243	1133	1416	1514	2020
60425	18	33	39	54	28	18	60
60441	694	1973	1397	1138	1167	1140	1543
60455	2981	319	217	414	93	373	86
60505	0	1	1	0	3	1	2
60599	4796	6258	5027	5000	7138	6971	2990
63985	11900	16826	19272	7461	11448	12013	13827
64082	6	202	37	16	35	631	135
64337	0	1	3	0	3	1	0
64379	0	1	0	14	2	1	3
64655	1245	2250	1149	1121	1094	1686	1943
64660	1190	1659	898	1040	974	1293	1573
64697	0	0	0	0	0	0	0
64818	0	0	0	0	15	0	0
64934	4385	7905	3884	4054	4027	4629	6738
65019	2457	4622	2944	1963	2251	2183	3049
65221	1552	201	552	548	669	586	261
65254	3133	1562	1485	1865	2541	460	584
65967	1019	1613	995	1068	1349	1382	1941
65972	2882	727	744	1023	845	2267	497
66043	3608	4842	3351	2726	3770	3290	4825
66044	1226	1378	836	579	630	773	1046
66049	475	404	589	448	494	359	565
66059	2191	2615	2433	1600	1912	1698	1790
66085	6996	5463	7033	5779	8001	5495	6767
66086	1480	1696	1925	1620	1602	1852	2678
66089	1220	1692	1556	1163	1465	2634	2589
66090	1484	339	896	780	1273	555	383
66098	633	909	552	530	522	505	820
66108	4304	5695	3978	3469	3554	4842	6150
66116	46	79	94	58	74	103	84
66141	5297	1352	798	2404	1763	18940	1260
66153	47	25	45	93	60	59	65
66164	2130	4342	2612	2494	2462	2873	3629
66165	2147	2158	2382	1700	2239	2130	2514
66183	16	2	5	0	7	135	429
66198	8	32	1	1	1	1	0
66205	1803	1195	464	545	569	1335	604
66209	1976	2933	1879	1957	1942	2930	2210
66220	284	226	207	148	170	208	272
66222	114	116	8	77	107	487	33
66225	560	736	605	410	554	706	517
66237	241	86	154	35	198	191	89
66271	1018	981	983	804	936	906	794
66273	181	126	221	174	239	486	228
66284	0	0	0	0	0	0	0
66309	1874	2213	1751	842	1571	2131	1818
66317	1511	2343	1658	1397	1561	1973	2462
66354	7120	7906	4324	5006	4963	7427	9780
66358	543	792	485	398	506	570	574
66362	777	1343	785	678	679	1392	1309
66390	2360	3909	2521	2346	2467	3236	3726
66400	298	325	188	156	328	587	355
66407	1229	1960	1206	1050	1003	1577	1598
66416	2536	2787	1669	1856	2775	3529	2647
66421	607	683	506	469	425	841	562
66439	376	255	256	196	370	344	400
66446	816	1595	769	795	799	883	1550
66447	640	873	290	311	211	557	367
66449	26	35	31	33	17	32	52
66451	0	0	0	0	1	0	0
66455	1542	2622	1055	802	1146	1405	1764
66462	1093	1132	493	728	793	1566	1267
66473	0	1	0	1	1	8	3
66494	4925	3898	2417	4254	2833	4184	4980
66521	1263	1662	1205	974	908	944	1244
66536	1472	1331	1052	1160	1356	1695	1091
66537	3227	6702	2517	2061	2742	3970	3904
66561	0	0	0	0	0	0	0
66588	5795	5394	4051	3879	4058	6199	4307
66596	520	1634	578	442	613	481	670
66629	5331	5386	4226	4332	4308	6095	4824
66642	2588	3487	2271	2387	2411	2590	3901
66653	501	723	465	541	564	871	853
66654	4	2	0	0	1	5	0
66658	350	651	371	319	349	425	764
66684	3907	4563	2521	3162	1332	7596	5998
66714	681	973	546	529	614	825	864
66720	5	46	17	20	33	29	31
66779	0	0	2	2	1	0	0
66810	3301	4856	2915	2244	2855	4588	4074
66818	5227	6279	4995	4214	4732	5172	6120
66826	1090	725	984	879	1008	1043	782
66827	1494	2509	1415	1159	1227	1809	1848
66834	361	1873	294	399	250	576	436
66836	548	200	1037	1054	1075	1105	958
66859	114	80	66	94	157	72	12
66877	2924	4731	3242	2963	3289	3667	3357
66884	3268	4905	2983	2409	3063	4338	4769
66892	3326	2178	2249	1230	1854	1683	700
66910	214	596	550	373	440	263	503
66914	2736	2209	1803	1114	1533	2063	1801
66934	1315	2169	1424	1437	1743	1894	2301
66935	185	184	139	153	150	176	177
66957	0	0	0	0	1	0	0
66964	5071	5087	5208	3900	4540	5968	4580
66967	4938	5611	3611	2760	3981	6288	4060
67003	5793	3722	5076	3554	4834	5410	4665
67005	2822	4174	3874	2633	2959	2727	3401
67025	404	754	420	461	356	650	612
67028	1571	2086	1224	1350	1300	2456	950
67035	1410	1896	887	772	1159	1891	1391
67043	2617	2968	2074	2287	2041	4016	2214
67057	3336	3477	3131	1580	2826	3126	3292
67063	1014	1266	733	594	754	794	692
67075	3312	3523	2776	2205	2295	4764	4069
67092	7895	1913	3286	3610	4614	4494	2303
67109	859	511	551	485	669	611	722
67112	1	0	1	0	2	1	0
67117	3239	2060	1420	1660	1388	2732	1700
67118	1586	1536	3540	1456	1851	1915	2107
67135	0	0	0	0	0	0	1
67139	1698	1943	1749	1457	1970	1836	2069
67141	2458	2882	1940	1640	2638	1920	4233
67148	828	509	879	697	813	689	582
67155	3328	2554	2604	2321	2362	2605	1331
67180	2361	2326	1899	1283	1740	2768	2049
67184	2214	3310	2592	2152	2217	3919	2918
67187	1257	1751	1301	1293	1470	1423	1692
67194	140	249	123	151	221	281	169
67204	3202	6686	4902	3006	3451	6445	5080
67207	1109	1667	975	964	992	1363	1303
67211	2258	3822	2904	1350	2603	3264	2208
67213	4316	2795	1688	1966	2375	3298	2137
67255	6681	7343	9051	7264	8891	5797	9938
67263	1649	689	1030	895	905	1154	935
67268	7555	6997	3437	4605	4939	11699	6143
67272	2	12	63	13	48	7	147
67276	4475	6538	4331	4072	4496	5404	5417
67283	716	937	591	569	570	573	659
67292	755	779	598	365	505	1065	601
67303	46	131	33	58	30	97	41
67310	0	0	0	0	0	0	0
67315	0	0	0	1	0	0	0
67328	0	0	0	0	0	0	0
67333	1656	2135	1637	1913	2166	2688	2232
67337	1750	3230	2042	1716	1923	2620	2895
67343	2	1	0	1	1	0	1
67389	505	381	249	200	278	433	371
67391	2309	3653	2367	2142	2456	3642	3568
67407	0	0	0	0	0	0	0
67410	0	0	0	0	0	0	0
67433	2792	2825	2337	2336	2302	3323	2738
67467	3448	4492	4510	2672	3406	4365	5309
67480	1161	1786	1242	1055	1155	1537	1499
67483	0	1	6	0	1	3	3
67487	2610	4685	2764	3043	3399	3751	2848
67495	3311	4060	2894	2007	2565	3741	2709
67498	0	0	1	0	14	0	0
67505	0	0	0	0	0	0	0
67512	367	358	62	125	102	244	128
67523	6	13	9	10	7	13	3
67525	1286	1783	1604	644	1050	6956	2528
67580	35	3	11	10	22	40	6
67583	0	1	1	1	5	0	0
67602	4756	4254	4399	3357	2883	3225	4415
67610	3385	3265	2427	2456	2640	3392	3468
67615	5130	6871	5098	4623	5050	7208	6008
67628	1169	1670	1186	1415	1900	2506	2693
67630	5143	4590	8413	3969	4311	5436	6789
67652	1	33	26	29	20	31	62
67676	534	454	158	234	318	461	409
67701	0	0	0	8	0	11	2
67706	623	276	406	492	414	491	462
67715	0	1	1	0	1	0	0
67717	0	0	0	0	0	0	0
67719	0	0	0	1	0	0	0
67731	2604	3323	2131	1275	2224	2490	986
67745	0	0	2	0	0	2	0
67749	222	3127	449	131	60	2880	1710
67758	0	2	0	0	37	1	0
67768	283	601	439	340	480	432	690
67769	1059	1606	1038	816	1160	1766	1371
67774	997	605	774	656	623	383	696
67775	1645	334	173	959	1066	2961	525
67781	8451	12447	8364	7476	7705	10387	11334
67788	2716	3138	4413	2390	4333	3709	9023
67800	622	599	503	343	474	744	424
67808	4286	3031	2603	2531	2857	3776	2339
67832	1832	3098	1949	2351	2305	2476	2376
67836	416	607	771	691	608	433	895
67842	1605	2917	2431	1737	1958	2415	3494
67856	12	6	18	5	31	92	49
67871	665	1690	745	577	656	737	1043
67873	726	1071	1299	1085	1166	1002	1226
67890	3003	3204	2626	1970	2227	3217	2712
67893	1627	220	486	554	807	639	190
67920	2901	4711	3082	2818	3057	3162	3604
67929	0	0	1	0	0	0	0
67941	2748	3805	2307	1925	2289	3193	3564
67942	23	16	15	16	20	19	21
67944	0	0	0	0	0	0	0
68028	667	457	727	332	612	566	457
68032	1082	1694	1148	890	890	1404	1339
68039	55	121	175	85	196	173	182
68043	704	1656	854	588	710	1170	1692
68044	282	478	444	254	415	310	681
68050	3546	3926	3024	3156	2951	3854	3418
68054	0	0	0	0	0	0	1
68073	309	380	303	285	300	358	431
68090	1036	898	1414	1742	1259	1108	981
68094	6228	5097	6841	4242	6464	9092	3485
68107	45	70	122	152	139	254	70
68118	912	1110	660	650	686	1160	978
68162	7	6	0	2	18	221	181
68188	5522	4857	5419	5558	7082	4243	4950
68212	1309	1050	844	636	770	1547	738
68224	0	8	0	7	2	18	4
68235	8971	4852	10092	4089	8677	4731	4674
68255	93	74	93	80	101	114	42
68262	2549	3616	1829	1971	3358	2331	4128
68268	5782	7961	5621	4823	6343	9235	6532
68271	35	23	15	3	10	31	14
68272	4076	5795	5147	4554	4901	4028	5871
68281	503	741	566	379	544	370	590
68295	2013	2731	1853	1549	1986	2240	2659
68306	58	78	183	138	121	80	118
68311	0	0	0	0	0	0	0
68352	7	3	14	11	46	4	0
68365	9683	7859	6734	6348	7298	10086	7788
68434	3	0	0	0	5	1	0
68460	0	2	0	0	0	294	0
68480	749	250	225	484	240	995	309
68509	0	0	0	0	0	2	0
68556	652	438	550	406	568	363	358
68563	533	642	387	716	522	782	559
68588	882	572	480	564	268	640	318
68603	1036	1690	843	608	771	1292	1262
68631	530	301	171	236	478	389	252
68632	416	150	68	233	89	240	147
68671	336	634	872	433	900	664	1410
68718	1126	1229	824	1008	1047	899	820
68729	7875	12434	9406	5362	7919	5468	7928
68738	980	118	147	314	284	854	120
68753	4	2	9	6	8	3	22
68774	3904	492	832	1038	600	1410	268
68777	32	79	29	32	47	61	27
68808	57	266	24	14	31	33	19
68833	1756	2702	1914	1377	1839	2466	2265
68875	2460	2339	1877	2730	2769	2546	1453
68888	1	0	0	0	1	0	0
68920	240	374	217	241	283	405	386
68922	5	13	7	8	1	14	0
68970	4307	5108	3445	3322	3707	5010	4406
68971	1055	1430	955	799	1139	812	1491
68972	281	362	232	171	260	418	375
69010	491	881	422	450	609	796	1100
69020	444	428	307	223	274	364	306
69034	2	5	7	4	10	8	2
69038	909	1057	1144	1158	1099	1144	1089
69060	0	0	0	186	164	9	0
69082	4487	6911	5552	3932	4432	4947	6027
69161	1167	1074	841	757	1104	1153	1273
69168	376	618	360	468	447	571	773
69195	625	398	405	370	513	574	840
69219	4977	2735	2211	2123	2919	562	2398
69239	0	0	0	0	0	1	0
69248	331	330	534	38	330	483	609
69259	4745	4539	3189	3167	4213	5530	4299
69263	1810	3690	1739	1816	2228	2727	2998
69306	8	13	9	4	4	12	14
69309	394	447	337	372	574	296	250
69310	24	86	52	43	64	60	71
69311	0	0	0	0	1	0	0
69314	0	0	0	0	0	0	0
69318	1	2	0	2	1	0	1
69327	0	5	0	0	2	3	0
69364	0	0	0	0	0	0	0
69441	1	4	0	0	1	5	1
69454	7	6	8	15	9	3	9
69495	0	0	0	0	0	0	0
69511	0	0	0	0	0	0	0
69520	0	0	0	0	0	1	0
69533	0	0	0	0	3	1	0
69541	0	0	0	0	0	0	0
69547	10	15	9	7	8	1	8
69551	5290	14632	11068	6637	10267	6562	9233
69585	0	20	1	2	2	1221	92
69608	4700	3005	2110	1656	1635	5057	2260
69655	19	3	18	2	7	2	3
69666	445	1534	341	706	465	646	524
69671	11	0	7	1	13	93	1
69713	7	14	10	18	12	41	11
69747	202	156	105	125	119	268	266
69771	0	0	0	7	1	0	5
69787	4	0	0	0	1	4	0
69794	0	0	0	0	0	1	0
69797	2	3	4	15	11	6	8
69804	1932	1339	1949	1428	1612	1306	1199
69852	1	0	1	0	0	3	1
69860	1413	1898	1971	2766	2002	2195	2365
69864	0	0	0	0	1	0	0
69909	15	15	6	34	23	13	4
69920	720	941	736	760	1115	1193	1495
69928	311	440	164	278	290	625	481
69944	799	1554	635	740	666	825	890
69955	538	1868	503	759	697	531	707
69976	1452	2429	1237	1057	898	1912	1656
70004	9	6	5	6	3	4	2
70005	0	2	0	0	6	4	0
70026	2	0	0	2	1	0	1
70031	53	107	15	27	19	81	49
70044	711	1062	1418	1690	1579	1156	1303
70055	1	1	0	0	0	0	0
70082	839	1207	806	590	929	1407	1222
70083	300	565	1444	871	2303	4463	6281
70086	56	7	0	17	12	42	5
70093	4206	4770	3585	2991	3983	5729	4575
70122	2773	4024	3669	2780	3664	3992	4676
70152	512	567	194	225	259	721	208
70300	218	105	340	171	373	150	211
70316	93	89	79	95	115	98	100
70362	125	257	96	92	142	123	55
70377	7	15	46	33	62	13	26
70383	824	1190	785	778	843	992	1264
70426	0	1	0	1	0	9	1
70433	7733	15371	14977	17395	25403	14406	10227
70601	3200	4614	4886	2708	3317	4443	5893
70612	621	1022	625	484	563	701	597
70620	885	1109	1501	706	1106	1007	1155
70645	455	633	465	408	671	742	918
70696	1	1	1	0	1	17	0
70757	479	394	498	389	472	592	456
70791	1421	1636	1575	950	1316	1518	1445
70874	1	0	0	1	4	2	0
70884	3	2	3	2	1	0	0
70886	1	0	0	0	0	0	0
70900	0	0	0	0	0	0	0
70917	0	0	1	0	0	0	0
70933	17	5	4	14	13	18	8
70935	0	0	0	0	0	0	0
70977	0	0	0	0	0	0	0
70997	254	640	386	429	488	221	260
71000	0	0	0	0	2	1	0
71026	12	0	0	0	0	0	0
71081	0	0	0	0	0	0	0
71093	162	87	36	16	63	143	81
71133	3	5	5	3	2	5	1
71198	210	27	19	150	99	220	40
71226	5	5	3	7	1	3	5
71233	16	36	20	21	15	35	18
71265	25	42	71	71	48	87	83
71275	9	5	1	6	4	7	0
71285	0	0	0	0	0	0	0
71297	0	0	0	1	0	0	0
71306	1356	1791	403	265	596	1304	1359
71307	1	0	0	1	13	5	0
71325	0	0	0	0	18	0	0
71351	0	0	0	0	0	0	0
71375	3583	2531	1317	2280	2328	2666	4219
71432	6	8	1	33	12	51	3
71452	4021	5768	3595	3196	4163	4558	4805
71532	244	27	56	86	95	125	32
71545	0	0	1	0	0	0	0
71597	0	0	0	0	0	0	0
71599	285	682	384	227	338	418	482
71683	860	992	422	497	429	976	859
71753	24	15	9	14	29	27	12
71772	1927	1532	1470	1086	1384	1611	1289
71780	544	1192	566	386	389	1018	809
71793	1310	1497	848	1013	892	1830	1401
71797	24	61	13	3	17	19	20
71804	324	348	228	195	340	260	363
71807	1022	2402	1119	1131	1005	1344	1554
71826	0	0	0	0	0	0	0
71827	0	4	4	5	4	7	5
71833	13487	14074	11575	10485	12523	12235	14529
71841	0	1	0	0	0	1	0
71844	4361	5522	5611	3563	3921	5283	7859
71863	0	2	0	1	1	2	1
71870	10	9	7	3	2	57	139
71877	83	41	118	40	34	29	52
71878	967	1463	743	1243	1977	2878	2648
71902	14671	17473	16506	10431	15044	21441	15648
71914	3026	3655	1868	1817	2181	4719	3103
71951	894	1825	1471	1150	1132	451	406
71956	464	476	223	234	426	496	335
71983	349	407	329	220	337	303	459
71985	403	469	292	141	305	274	525
72002	2	4	2	9	1	13	4
72003	1977	944	1782	65	1024	3	401
72008	689	964	617	623	572	752	908
72012	202	196	225	122	187	151	180
72018	2217	2178	1791	1515	1736	2803	1785
72041	300	527	222	189	241	304	317
72045	0	0	4	0	1	2	1
72050	1162	3014	1339	876	1397	1761	2234
72056	979	872	1475	1332	1123	1381	1284
72065	4114	4014	3431	3165	3861	5638	3540
72106	1681	1373	1647	1252	1759	1478	1891
72107	360	639	279	169	434	653	460
72121	179	35	35	55	68	143	18
72135	451	672	285	490	488	668	485
72147	767	635	579	231	227	314	146
72157	3011	3882	4740	1733	937	7533	2998
72181	566	844	531	502	546	877	607
72184	11	268	28	57	126	21	17
72195	1635	1678	1259	721	1389	1944	1680
72225	4	1	2	3	7	0	1
72243	13	32	8	4	17	60	44
72269	227	53	26	26	11	36	56
72350	27	85	103	119	54	106	152
72431	14	0	0	4	2	3	1
72542	2802	4088	3047	2034	3057	2955	3811
72549	691	1203	710	586	622	915	1654
72554	1585	2952	2221	2054	1937	2713	1891
72585	5	0	1	3	22	14	3
72621	1329	1595	963	1139	1128	1504	1416
72657	3140	5394	3838	3202	4332	4244	5943
72699	763	1105	697	794	744	855	616
72713	64	112	70	102	193	568	116
72748	139	87	94	55	50	212	243
72780	114	11	3	52	4	7	15
72792	7	23	106	41	91	74	248
72865	582	331	406	420	300	375	385
72886	785	667	421	454	785	1086	700
72997	638	506	594	359	501	922	294
73067	606	496	347	361	336	474	381
73086	1539	1327	1464	1157	1206	2191	1976
73095	82	97	67	81	65	171	98
73174	1083	782	723	518	714	643	664
73225	963	1047	760	634	717	1480	1026
73234	0	1	0	7	1	18	22
73266	1	0	0	0	7	3	1
73288	5342	6096	5734	3718	5642	4500	5983
73293	3	53	27	21	20	9	20
73306	0	0	0	0	0	0	0
73333	5	2	1	2	0	6	0
73349	0	0	0	0	0	0	0
73385	0	0	0	0	0	0	0
73398	0	0	0	0	0	0	0
73425	0	0	0	0	0	0	0
73429	5	0	0	0	0	5	0
73453	1	9	3	25	15	7	5
73469	4714	7757	5483	6275	6342	6693	4885
73490	617	1069	339	393	473	654	1152
73515	0	0	0	0	0	0	0
73516	176	371	159	189	321	490	260
73588	0	0	0	1	0	6	0
73600	11	11	5	4	4	16	5
73609	9	1	0	1	1	1	2
73626	0	0	0	0	0	0	0
73673	31	20	34	21	21	24	16
73796	0	0	0	0	0	0	0
73803	0	0	0	0	0	0	0
73806	0	0	0	0	0	0	0
73816	0	0	1	0	0	0	0
73824	262	1041	284	237	232	648	573
73884	1	9968	6	5	55	144	18
73962	0	0	0	0	0	0	0
73977	0	3	4	6	12	8	7
74032	78	15	18	39	87	71	30
74042	1	0	0	0	1	0	0
74050	0	0	0	0	0	1	0
74054	0	0	0	0	0	0	0
74076	0	16	4	10	2	17	6
74100	1898	744	1389	206	615	2205	1141
74111	1641	3048	1679	1336	1718	2142	3026
74147	265	116	132	47	127	175	233
74150	1369	1520	1049	1192	1031	1576	1226
74197	1222	1917	3171	1776	2644	1992	2741
74206	7371	4720	7990	5716	14861	3697	5402
74220	0	0	0	0	0	0	0
74236	0	0	0	0	0	0	0
74239	818	1911	1441	1018	1417	1382	1236
74245	553	303	314	213	295	546	231
74276	0	0	0	0	0	0	0
74277	1209	1255	952	820	918	1291	1024
74319	521	847	667	718	709	495	681
74325	3388	3415	3822	4708	5428	5984	2459
74335	579	731	398	660	695	753	1688
74401	0	0	0	0	1	0	0
74427	4510	5690	4418	3230	3374	5201	6807
74438	1214	642	1627	334	867	224	177
74464	866	1631	43	450	208	649	1494
74489	2	1	2	1	2	4	1
74522	3710	5828	4809	3997	4433	4469	4188
74541	1	0	1	0	0	0	0
74558	0	0	0	0	0	0	0
74571	0	0	0	0	1	0	0
74577	472	439	394	454	267	432	308
74589	6	31	42	20	44	208	179
74616	439	874	267	179	308	519	413
74617	4647	5525	2117	2067	1934	4524	3372
74646	1143	616	497	920	692	2712	933
74662	0	0	0	0	0	0	0
74700	0	0	34	0	35	0	0
74724	54	51	15	36	27	44	58
74726	0	0	0	0	0	0	0
74734	441	37	69	127	102	154	68
74776	1212	1769	957	959	1361	1885	1693
74914	0	0	0	0	0	0	0
74966	0	0	0	0	0	1	0
74967	0	0	0	0	0	0	0
74988	0	0	0	0	0	0	0
74989	0	0	1	1	0	1	1
75100	1	4	0	3	0	0	0
75170	0	0	4	0	0	0	1
75199	0	0	0	0	0	0	0
75209	0	2	0	9	60	8	0
75239	0	1	0	0	0	0	20
75255	10	1	1	4	4	4	0
75266	1	3	2	0	0	2	3
75272	0	0	0	0	1	0	3
75387	333	446	384	266	349	279	519
75409	4322	4272	4349	5284	3922	2274	4438
75540	1598	1637	1192	876	925	1600	1399
75567	1	3	0	0	0	0	0
75617	5364	9408	6645	4917	5735	6040	9658
75625	1003	1337	1418	1470	1174	2132	1484
75659	282	329	378	279	239	84	196
75705	19143	32193	22745	14928	19244	24907	25856
75706	0	0	0	0	0	0	0
75710	3360	5079	4255	3580	4486	4631	4032
75717	8614	13131	8787	6778	8463	9990	10394
75744	1045	650	1640	1374	1790	579	875
75750	46	0	2	43	2	199	0
75770	4279	2757	7561	4103	4475	6260	1650
75778	312	678	377	251	353	247	286
75796	586	209	416	195	811	1149	652
75818	27	53	39	26	45	48	29
75857	0	0	0	0	1	0	0
75859	0	0	0	0	0	0	0
75870	61	138	59	17	21	51	61
75881	12	14	6	19	0	11	13
75905	117	30	9	92	48	51	23
75916	0	0	0	0	0	0	0
75927	4	13	9	19	8	25	13
75942	0	0	0	0	0	0	0
76024	11	57	4	6	4	20	4
76072	31	35	1	4	15	6	17
76132	7151	8400	7521	5883	8993	5822	4606
76138	95	300	234	206	231	262	254
76261	62	22	11	93	98	39	10
76263	122	6	8	15	29	65	27
76282	44	181	46	43	124	150	57
76308	4914	3343	4701	6437	5673	5163	5077
76373	244	124	162	121	123	33	134
76378	0	0	0	0	0	0	0
76425	3133	3903	3135	3157	3558	3969	4847
76432	32	4	3	9	10	43	2
76453	9197	1458	2554	3331	1378	2688	1305
76485	1057	1373	1543	695	965	1217	1559
76491	140	193	139	95	95	111	91
76501	830	1387	686	757	635	900	1110
76577	2606	3076	2293	3416	2829	3892	2352
76606	0	0	0	0	0	0	0
76614	9815	11544	10203	9440	10889	9283	13964
76737	1112	1788	1529	854	1071	1918	1432
76773	357	223	363	173	273	300	217
76793	1679	2426	1401	1526	1503	2618	1674
76803	1	0	0	0	0	0	0
76814	0	0	0	0	0	0	0
76854	246	519	59	122	161	304	180
76872	19	30	18	31	15	3	12
76884	7196	2532	4270	2473	3223	1917	2084
76892	1671	1801	1125	1058	1134	1596	999
76917	518	378	349	130	184	325	733
76925	14	7	1	10	9	6	4
76927	38	113	52	23	61	94	76
76974	0	0	1	0	2	2	0
77015	810	497	618	122	762	395	487
77022	398	466	262	292	564	814	556
77035	332	276	158	139	179	431	363
77042	4	0	0	1	0	2	1
77045	4208	5315	4747	4112	7182	3113	4835
77173	0	0	0	0	0	0	0
77220	781	62	300	142	245	345	452
77252	286	208	315	339	396	662	344
77296	0	0	1	2	0	0	0
77323	4	0	5	1	7	5	0
77337	0	4	0	0	0	0	4
77552	325	445	446	488	371	266	100
77630	4889	1976	2769	747	2159	1378	2357
77633	69	51	35	39	57	109	67
77674	0	1	0	0	1	0	0
77739	1079	1779	399	593	573	2391	202
77777	535	573	311	389	680	682	490
77836	3	0	0	1	4	0	0
77905	5	2	0	1	0	1	1
77996	5	2	1	1	3	3	1
78076	0	0	0	0	0	0	0
78081	0	0	0	0	0	0	0
78102	0	0	0	0	0	0	0
78229	6	6	2	6	3	19	13
78245	0	2	0	0	0	1	2
78286	5977	2008	9516	7193	10055	2936	4165
78372	562	973	496	599	533	732	1150
78414	0	0	0	0	0	0	0
78460	0	0	0	0	0	0	0
78462	0	0	0	0	0	0	0
78469	0	1	0	0	0	0	0
78473	104	8	56	33	36	95	329
78600	4	0	1	2	1	0	0
78619	439	606	358	345	494	627	606
78725	0	0	0	0	17	0	0
78773	0	1	0	0	0	1	15
78795	326	589	531	467	492	498	420
78829	1876	5204	1177	1239	1728	1762	2323
78889	4197	6079	5087	3453	3740	5266	5047
78911	0	0	5	0	0	0	0
78920	7813	8405	4473	5578	5640	8921	10762
78925	317	725	373	589	791	560	586
78977	1	63	3	2	10	88	40
79555	9557	13654	5480	7094	8844	10654	5578
80290	1374	456	265	482	492	1196	272
80750	4278	3957	2664	3068	3142	5201	3898
80751	2124	2385	2224	1956	2098	2115	2277
80838	24345	23963	22836	20812	14952	32534	40675
80886	3517	5783	3779	3370	3789	4260	4649
80892	1523	854	139	437	97	628	57
80909	2195	1662	1544	841	1678	1802	853
81006	194	396	226	396	292	522	349
81489	2120	2787	1892	2252	1898	2577	2804
83379	8	16	10	11	17	50	9
83410	3354	2823	3082	2297	2250	2506	2525
83485	1238	953	1237	733	1007	1144	1064
83486	4039	6441	4106	3506	4235	4546	4575
83563	0	0	0	1	0	0	0
83565	0	0	0	0	0	0	0
83602	5074	3652	3749	3760	5227	4763	5038
83674	2	3	1	6	13	133	1
83962	3283	2940	3474	2606	3550	3610	3741
83964	1096	3222	1726	2412	1675	3760	3007
83993	0	0	0	0	0	1	0
83995	1	0	0	0	0	0	0
85031	1416	96	557	233	252	1166	138
93673	1	2	15	4	15	15	5
93674	0	0	0	0	1	0	0
93677	4	20	5	4	0	289	71
93683	13471	11524	9593	2894	5222	10080	7856
93691	1231	1545	1362	1186	964	1033	1067
93694	2786	301	343	898	784	1779	339
93695	4142	1289	470	1407	621	334	193
93697	753	1709	1251	1176	1034	1222	1806
93712	700	71	104	91	100	1679	120
93732	5	2	2	3	16	15	8
93806	0	0	0	0	0	0	0
93835	12	3	1	11	14	14	4
93876	688	655	857	856	933	795	801
93884	221	237	135	107	127	125	156
93968	0	0	0	0	2	0	0
94060	0	0	0	0	0	0	0
94071	0	1	0	0	0	0	0
94092	382	809	74	142	123	305	214
94179	2	1	14	4	8	84	66
94185	5702	2756	3612	2168	3899	3891	2027
94187	2816	4695	3139	5942	3911	3902	4166
94221	2145	1674	1803	1284	1626	1246	1422
94275	20675	21953	17400	21233	17053	34759	25192
94315	2872	3591	2684	2226	2737	3830	4086
96875	66	99	22	61	52	240	40
97114	0	0	0	0	0	0	0
97159	1085	1725	711	791	861	1976	1484
97476	0	0	0	0	0	0	0
97863	606	685	527	784	505	761	553
97884	856	2397	1057	1378	1771	1315	955
98221	4540	8918	6059	4344	4532	7009	7339
98258	2752	4424	2574	2324	2735	4404	3136
98363	25	549	138	126	1253	637	912
98396	1821	2741	1364	2420	2041	3169	2262
98402	758	1551	1405	1434	1201	2342	1281
98452	1	3	0	2	6	2	0
98496	3919	606	1287	1049	1310	831	487
98711	373	407	303	484	395	480	321
98732	3867	5419	3990	2355	3588	4875	3989
98741	499	278	806	610	1064	716	52
99010	516	549	409	352	275	379	355
99377	0	2	0	1	1	93	2
99889	2379	3094	2422	1771	2374	4334	3653
100088	2145	3550	2317	2172	2918	3384	4586
100226	5105	4917	3981	3341	4485	6236	4244
100317	2433	3006	2276	1917	2457	3494	2456
100559	0	0	0	0	0	0	0
100608	1174	1749	1161	862	1325	1340	1651
100727	0	0	0	0	0	0	0
100910	4130	1453	1620	1533	1872	3010	1133
100929	1263	3003	1242	862	1305	1405	1359
100993	2	1	0	0	1	5	1
101023	582	527	540	334	693	749	591
101148	5472	3876	4786	4120	4331	2768	4408
101320	6	4	0	1	5	10	0
101476	2880	1881	1909	1875	2537	2396	1517
101502	886	182	290	295	332	449	168
101700	222	205	131	211	162	319	341
102209	991	1205	986	984	1063	1675	1817
102294	1055	353	301	284	366	653	195
102595	7718	12696	7479	8220	14163	6176	12706
103136	4084	5000	3170	2309	2898	2884	3871
103140	151	58	43	90	55	88	21
103214	0	0	0	0	0	0	0
103505	0	0	0	0	0	1	0
103511	288	31	41	47	27	80	66
103534	3254	3230	2448	2286	2940	2108	2521
103694	2974	4708	3086	2739	2976	2929	4124
103733	2274	4141	2517	2688	2747	2654	4095
103964	0	0	0	0	0	0	1
104103	217	431	120	92	133	833	163
104110	178	156	49	143	124	304	80
104183	0	0	0	0	0	0	0
104184	5017	9070	5844	4553	5833	7578	8557
104215	4274	6952	3998	2488	4877	11940	9218
104348	1673	1956	1268	873	1251	1358	1155
104366	229	245	214	168	303	99	114
104401	2760	2203	3575	4703	4710	3435	2824
104662	1991	4307	1773	1833	2053	2881	2627
104732	1217	1085	683	894	1115	1212	1862
104771	2098	3009	1316	1660	1698	2674	3426
104932	0	0	0	0	0	0	0
105120	5	1	0	0	1	5	1
105450	1667	958	448	1667	1028	1458	1352
105594	0	0	0	0	0	0	0
105847	1591	1707	997	867	1370	1511	1993
105859	336	432	490	190	635	636	346
105866	0	0	0	0	117	0	0
106143	8127	12356	11827	7189	11154	9286	10095
106389	21	24	6	10	14	42	27
106504	3638	4951	2931	2998	4985	5257	4918
106572	12626	6640	4303	6060	7163	8440	5328
106672	609	250	201	216	230	304	190
106722	8	18	4	24	25	19	15
107146	0	0	0	0	1	0	0
107197	438	200	395	403	422	323	281
107227	86	52	57	64	78	332	46
107358	12441	8909	13766	6465	11895	12776	10098
107368	3942	3385	6207	3087	6293	6277	4453
107435	2296	4266	2319	2027	3110	5043	4278
107566	4913	7648	5393	5728	6240	6446	5330
107626	0	0	0	0	0	0	0
107932	29355	41830	35984	27940	41552	33264	42223
107976	1071	1419	1156	625	1215	1470	1764
107986	129	181	108	124	104	122	144
107995	4583	7714	5072	5431	6516	11550	9474
108014	2359	3564	2628	1977	2808	3544	3670
108037	3524	9084	8635	3417	4934	7209	11223
108062	5487	8446	5510	6301	6253	8557	7553
108098	2124	2482	2068	1355	1848	2503	2882
108100	1987	1758	2078	931	1874	1409	992
108687	1594	1526	1201	866	930	1084	909
108705	4499	3346	2815	2499	2862	3242	3434
108803	0	0	1	0	0	0	0
108816	0	1	322	134	11	5	5
108956	1	25	2	0	1	10	6
109052	0	0	0	0	27	13	0
109145	1407	2198	1301	1645	1338	2125	1853
109212	1240	1803	1293	1582	1994	1616	2913
109280	2	38	3	5	8	12	5
109637	23	3	9	18	13	9	10
109731	42	111	66	13	60	149	42
109900	626	1611	515	252	248	540	753
109959	0	0	0	0	0	0	0
110052	6489	6213	5393	9542	10343	9205	7215
110115	0	0	0	0	0	1	0
110135	0	0	0	2	0	0	0
110198	552	1270	557	643	794	1131	1112
110308	0	0	0	0	162	18	0
110954	92	200	129	167	91	131	158
111174	0	0	0	0	0	0	0
111175	335	931	312	501	301	580	540
112406	2209	1183	1780	1468	1979	1587	1513
112407	1768	3063	831	2848	434	2104	11752
113851	0	1	0	0	0	0	0
113855	0	0	0	0	0	1	0
114141	0	0	0	0	0	0	0
114228	0	0	0	0	0	0	0
114332	547	1	4	61	22	3859	31
114615	766	379	544	336	544	636	347
114668	0	0	1	0	1	1	0
116701	353	866	497	933	1002	1041	1404
116733	3577	3037	2817	2456	2489	3012	2416
116847	2443	43	52	1018	313	1048	90
116849	1	0	1	0	0	0	0
116905	621	1106	415	421	464	499	968
117005	0	0	0	0	0	0	0
117599	1073	1355	796	824	1058	1791	942
118453	249	130	115	143	327	907	330
140477	0	3	0	0	1	5	1
140484	2383	2841	2116	2346	2511	2776	2673
140486	0	1	1	0	1	57	7
140743	268	727	713	21	108	31	182
140781	21	8	4	0	19	1677	28
140806	0	0	0	2	7	2	1
170439	5262	9145	5982	4176	8106	5685	8025
170441	237	70	71	99	41	180	69
170706	413	56	118	138	108	259	58
170711	722	273	1024	144	499	582	543
170740	996	1159	760	840	885	873	756
170772	3527	2987	2921	2274	6798	1839	2193
170789	273	385	233	274	210	295	215
170834	0	0	0	0	1	1	0
170942	7	22	11	15	15	17	8
170947	6	5	2	3	8	128	1
171194	0	1	0	0	1	0	0
171233	0	0	0	0	0	0	0
171283	8	1	0	4	5	5	0
192170	4513	7200	4267	4078	4605	5513	6536
192199	7	132	16	6	122	1247	1335
192650	33	9	6	48	0	11	2
192652	3267	2301	2008	1480	1618	2159	1312
193003	0	1	4	6	8	3	1
193034	0	1	0	2	0	1	1
193286	4	4	2	0	1	9	1
194227	0	0	0	0	0	0	0
194401	4799	4070	5016	3974	5311	2848	3807
195040	953	1881	1166	1453	1095	1425	1224
207165	10934	15310	11400	11403	13678	13218	14663
207175	24	39	79	23	26	100	59
207215	1	1	1	3	0	195	3
207474	1128	685	343	574	610	1315	928
207565	2262	2193	1748	1226	1305	2128	1039
207952	856	613	667	588	733	523	540
208263	4070	3260	2226	2502	3122	5820	3819
208760	0	0	0	0	1	0	0
208994	0	2	0	0	6	2	2
209011	1026	907	642	735	666	652	644
209232	0	1	1	0	0	0	0
209416	2330	2442	2004	2157	2082	2915	2282
210004	353	657	407	383	357	408	506
210027	177	74	49	16	41	110	61
210045	0	0	0	0	0	0	0
210105	1544	1407	1973	1295	1799	1262	1149
210145	2	3	0	3	2	1	1
210155	0	0	0	0	0	0	0
210162	315	164	270	288	351	246	207
210198	0	0	0	0	0	0	0
210853	227	478	3	129	17	289	181
210992	1326	1165	918	995	1084	1276	1206
211468	27	204	9	25	11	4	27
211488	7228	6824	6020	3683	5895	4526	5115
211578	1	0	4	0	1	2	0
211712	1824	709	4225	1850	1339	2614	3146
211798	283	9	222	64	130	156	57
211924	0	0	0	0	0	1	0
212163	1756	2396	1524	1371	1569	2708	1965
212168	2424	2459	2204	2157	1900	2468	1831
212392	0	2	28	0	4	2	12
213084	244	435	263	446	596	486	434
213171	4	3	6	2	12	12	1
213438	329	31	50	122	48	347	36
213539	678	2722	943	450	829	928	1237
213541	7369	10705	7626	6586	7626	11522	7956
213575	317	793	508	304	358	411	394
213673	7263	7907	6436	5983	5890	8032	8453
213742	17111	804	3422	10257	7563	12818	2241
213827	13517	16012	10228	8404	8970	14159	15333
214105	4	7	0	5	3	10	2
214111	24	5	8	13	3	7	7
214489	1397	1700	1573	1135	2151	2345	1831
214547	498	117	58	343	188	465	189
214568	0	1	0	1	1	1	0
214580	426	386	501	306	449	419	475
214791	714	805	493	586	1153	554	796
215085	249	67	101	140	652	284	16
215090	1331	1408	1529	1163	1425	930	906
215446	2	8	7	5	7	7	19
215449	12328	5461	5706	5697	5714	11736	5626
215693	227	261	100	99	379	325	109
215890	0	9	85	2	3	7	14
215895	0	0	0	0	0	0	0
215928	13	10	2	8	3	28	7
215951	284	394	285	224	186	241	295
216148	2778	6067	3976	3096	5721	1706	2574
216157	2878	2866	2628	2707	2854	2078	2909
216197	8205	6345	7196	4904	6114	6042	5236
216285	0	0	1	0	1	0	0
216343	42	196	1889	22	21	58	11
216459	205	338	258	70	194	332	333
216543	3128	4513	3132	3383	4608	4202	5267
216781	0	0	0	2	0	0	1
216974	21	31	16	25	12	29	9
217038	489	716	436	303	408	301	431
217122	17	22	19	0	79	4	2
217194	2975	4048	3242	2813	3009	2939	3055
217212	0	0	0	0	0	0	0
217214	0	2	0	11	0	2	1
217294	0	18	7	11	10	25	23
217648	191	104	98	153	120	174	217
217705	161	257	145	208	114	115	205
217738	304	52	11	38	61	166	103
217887	164	293	174	172	181	238	196
218314	222	272	109	71	103	270	148
218341	336	346	203	228	228	306	192
218440	133	16	56	14	28	12	18
218442	5481	8492	3294	7760	5950	7249	2805
218506	530	884	566	500	457	786	706
218544	712	893	878	609	548	589	403
219149	134	180	257	112	181	182	101
219150	1969	2107	2477	1688	2374	2656	4318
219151	1532	1356	458	788	875	4944	2939
223254	2630	2938	2586	2754	3497	3038	3020
223332	23	30	27	5	13	98	2
223645	34	22	15	7	7	2	10
223664	1043	1207	1117	618	1160	1386	991
223665	549	481	492	280	434	330	276
223775	1935	2450	1378	911	1568	1906	1906
223776	598	709	389	363	668	592	360
223881	98	38	20	71	49	49	57
223915	0	0	0	0	120	0	0
223922	573	528	333	430	631	675	564
224020	5060	4284	6366	4887	5107	4341	6468
224055	0	0	0	0	1	0	1
224092	1563	2208	2690	2607	2812	2417	3449
224116	9	0	1	1	0	2	0
224405	85	376	115	170	74	262	110
224432	1168	1941	1422	1615	1986	1417	1521
224582	0	0	0	0	0	0	0
224630	944	1085	404	601	832	1280	1451
224753	0	0	0	0	0	0	0
224754	14	0	0	2	1	0	0
224761	0	0	0	0	0	0	0
224796	53	60	11	129	126	822	45
224813	53	146	136	100	198	37	72
224916	0	0	0	0	0	0	0
225030	4	6	1	2	4	211	0
225600	5	4	0	2	2	3	5
225743	1742	1789	2344	1900	3020	1298	1619
225884	12	5	0	5	12	7	1
225995	1208	1558	2619	4314	2566	2093	1921
226025	1321	251	1506	514	774	553	488
226075	526	46	61	116	89	260	60
226115	0	0	0	8	5	0	1
226123	251	510	844	312	581	415	498
226178	3458	2231	3029	1886	3127	3469	1993
226252	2313	1706	2257	1437	2489	2261	1811
226359	0	0	0	18	59	0	0
226525	3642	2930	2394	2081	3062	5612	3500
226562	19871	24188	18736	13376	22414	34198	29225
226646	6385	12498	5849	7743	6247	10253	7772
226654	3	17	12	28	11	24	3
226695	207	12	22	146	136	1323	34
226791	427	597	339	240	342	650	1133
226999	5	5	0	3	9	55	2
227292	1773	1928	1166	1847	1821	3021	2855
227545	26	98	16	21	12	107	44
227615	264	242	282	368	282	247	304
227620	1038	488	332	504	364	605	209
227624	4451	6815	5196	4147	4301	4771	5451
227693	1733	1858	1576	1694	2081	1569	1715
227695	1043	1694	1128	953	1086	1088	1376
227721	335	499	214	52	180	778	634
227736	6	11	9	17	8	10	1
227867	4755	4719	4452	4297	4425	4633	4194
227929	343	109	104	270	182	426	152
227933	16	33	11	7	27	25	20
228139	15	124	105	27	139	79	781
228684	0	0	0	0	0	0	0
228715	225	320	365	219	220	237	275
228731	0	0	1	1	0	0	0
228770	0	2	1	0	5	12	1
228876	2375	4390	2940	3052	2997	2565	3592
228994	3698	5723	3849	3393	4165	5270	4787
229011	455	571	424	258	333	367	231
229302	1	0	1	1	6	2	0
229333	0	0	1	0	24	0	0
229389	0	0	0	0	1	0	0
229521	9120	10193	13355	5566	9333	5540	6368
229599	130	387	177	167	76	251	490
229697	0	4	3	7	0	3	0
229709	6317	8983	6833	4796	6911	10973	9178
229731	1560	1010	371	875	639	1932	768
229877	10148	8679	6917	4973	6882	11900	10111
229906	2144	2187	1449	1406	1596	2560	2078
230119	2291	3067	2125	2254	2542	3573	3032
230234	998	1868	1015	1164	1002	1558	1510
230235	3401	6298	5866	1767	5131	5640	5779
230316	2612	2490	2699	2221	3247	2793	2366
230576	5	0	2	1	1	5	1
230579	0	0	0	0	0	0	0
230598	6335	7856	5971	5425	6677	9791	7106
230649	196	305	194	233	201	245	253
230673	2227	2250	1875	1703	1995	2851	2060
230734	1643	2409	1755	1923	1507	2318	1577
230815	10255	10402	7781	4689	11833	16339	7309
230828	0	0	0	0	0	3	5
230959	2	0	0	46	105	54	46
231003	1154	1864	1495	1563	1275	1589	1410
231098	0	0	0	0	0	0	0
231162	0	0	0	1	0	82	0
231253	0	0	0	0	0	0	0
231382	0	0	1	0	0	0	0
231396	0	0	0	0	0	0	0
231591	0	0	0	0	0	0	0
231769	2438	5036	2380	2560	2819	2177	2719
231874	4164	8062	3949	2821	3587	4119	4056
232187	2228	1463	2230	1894	2080	2344	3979
232237	771	227	207	499	309	577	338
232313	129	53	34	125	94	273	120
232341	30537	19627	21293	20624	30978	27246	29224
232409	11	46	0	2	0	3	3
232415	8	0	0	0	1	0	0
232431	36	5	6	26	18	29	19
232785	104	24	41	282	110	27	501
232790	1	2	1	2	2	1	2
232801	307	19	30	35	7	51	13
232836	0	0	0	0	0	0	0
232853	748	425	469	414	461	303	294
232879	714	336	565	459	644	419	443
232941	25	9	2	1	4	4	1
232946	483	259	398	256	409	187	197
233066	15	13	11	15	9	8	7
233067	754	374	626	398	616	326	387
233280	600	322	516	340	379	293	208
233571	1905	116	286	468	291	611	112
233733	929	346	218	414	198	465	304
233812	1896	1540	1631	1568	2233	2169	1353
233879	72	38	75	10	19	3	7
233895	1163	699	1193	1118	1400	861	811
233905	3896	3077	3536	3157	4828	3003	2536
234023	2666	3890	3375	3061	2899	2780	3269
234155	3	11	8	12	7	6	10
234378	822	522	485	381	396	903	610
234388	1285	1881	1123	1117	1153	1337	1748
234404	17	2	10	0	5	16	8
234479	62	158	66	143	142	295	136
234564	0	0	0	0	3	4	0
234671	0	0	0	0	1	1	1
234684	69	116	67	136	100	103	72
234847	1875	2768	1751	1803	2505	1967	2305
234912	140	637	464	416	283	400	688
235386	240	346	169	152	190	408	258
235431	2957	3828	3810	5783	8112	7357	9217
235661	3647	3837	3058	2242	2597	3418	3536
235854	0	0	0	0	0	1	0
236285	308	104	36	7	58	48	4
236539	1243	4310	2714	1786	2573	4046	3527
237221	195	686	483	320	395	480	489
237222	1491	2086	1226	1488	1441	2375	1653
237362	0	1	1	0	0	0	0
237397	421	756	501	143	606	199	93
237523	0	1	0	0	4	1	0
237759	534	225	228	306	350	371	122
237781	634	947	626	573	782	925	744
237860	8182	4623	4684	4332	4674	4948	3890
237886	1382	2103	494	1731	1493	2234	1826
238271	233	64	159	90	521	285	637
238328	19083	20131	8341	9136	10315	8992	10982
238333	19	33	8	3	16	47	5
238377	216	2272	890	323	501	1691	3392
239096	414	542	767	328	728	330	700
239126	495	90	25	29	41	218	45
239157	1174	1271	1910	892	1016	379	2262
239436	0	0	0	0	0	0	0
239691	166	83	56	49	97	67	56
240025	340	644	39	32	33	1111	133
240041	2191	2209	2288	1680	3098	3616	1462
240055	1657	2696	1242	2738	4920	3611	3266
240444	73	87	72	56	164	300	290
240590	0	0	0	0	0	0	0
240755	0	0	1	0	0	0	0
240894	0	0	0	0	0	1	0
241118	10	12	5	78	29	30	30
241128	52	6	15	16	7	50	7
241263	47	80	828	70	449	39	54
241547	500	631	520	416	455	511	621
241589	16305	20661	23385	18998	37204	13668	17902
241694	5277	5279	4540	3101	5280	4290	3258
241770	11	23	45	51	73	17	28
241877	1	6	2	3	6	3	1
241950	294	645	453	495	566	782	466
242235	20	17	11	24	20	16	9
242291	10377	11735	17238	10214	11601	14398	11407
242316	69	1	31	14	28	14	2
242506	3384	1708	1428	669	1715	822	965
242653	5	11	8	9	24	37	1
242700	17	0	1	14	38	103	6
242735	2	38	4	1	2	115	6
242736	2147	2993	1866	1387	1565	3725	2082
242838	15	13	15	140	13	11	6
242851	0	0	0	0	0	0	0
243085	0	0	0	0	0	0	0
243270	5	1	1	5	4	44	8
243499	0	0	7	45	83	1	2
243628	0	0	0	0	0	0	0
243771	3940	3078	1373	3492	4750	9286	2995
243834	1223	705	1143	929	1432	943	575
243912	197	76	140	137	180	509	360
244058	1013	1583	1148	3262	5003	2804	2302
244216	327	300	311	339	496	290	265
244334	0	0	0	0	0	0	0
244421	517	1381	824	477	567	672	675
244431	0	0	0	20	8	0	0
244550	162	26	25	28	36	38	11
244666	860	1199	753	750	789	941	672
244694	43	172	22	10	77	206	74
245492	0	0	0	0	0	0	0
245533	0	0	0	1	41	0	0
245688	8175	13019	7590	7968	9509	17681	16029
245880	1280	3663	3711	1482	2788	1181	1497
245945	857	58	221	305	215	402	57
246082	0	0	0	0	0	0	0
246313	502	3	73	147	44	8	16
246703	1030	1821	1401	1014	1327	1649	1904
246787	1	4	0	0	2	1	0
252830	1	0	0	0	0	0	0
257630	6	13	3	32	3	41	16
257662	0	0	0	0	0	0	0
257950	0	0	0	0	0	0	0
257958	0	0	0	0	0	0	0
257974	0	0	0	0	0	0	0
258065	0	0	0	0	0	0	0
258095	0	0	0	0	0	0	0
258120	0	0	0	0	0	0	0
258151	0	0	0	0	0	0	0
258160	0	0	0	0	0	0	0
258214	0	1	0	0	0	0	0
258235	0	0	0	0	0	0	0
258259	0	0	0	0	0	0	0
258300	0	0	0	0	0	0	0
258334	4	0	0	0	5	13	1
258366	0	0	0	0	0	0	0
258377	0	0	0	0	0	0	0
258417	0	0	0	0	0	0	0
258425	0	0	0	0	0	0	0
258444	0	0	0	0	0	0	0
258450	0	0	0	0	0	0	0
258512	0	0	0	0	0	0	0
258536	0	0	0	0	0	0	0
258550	0	0	0	0	0	0	0
258571	0	0	0	0	0	0	0
258601	0	0	0	0	0	1	0
258676	0	0	0	1	0	0	0
258719	0	0	0	0	0	0	0
258728	0	0	0	0	0	0	0
258744	0	0	0	0	0	0	0
258748	0	0	0	0	0	0	0
258752	0	0	0	0	0	0	0
258759	0	0	0	0	0	0	0
258803	0	0	0	0	0	0	0
258814	0	0	0	0	0	0	0
258832	0	0	0	0	1	0	0
258845	0	0	0	0	0	0	0
258846	0	0	0	0	0	0	0
258850	0	0	0	0	0	0	0
258857	0	0	0	0	0	0	0
258862	0	0	0	0	0	1	0
258949	0	0	0	0	0	0	0
258954	0	0	0	0	0	0	0
258970	0	0	0	0	0	0	0
259016	0	0	0	0	0	0	1
259028	0	0	0	0	0	0	0
259078	0	0	0	0	0	0	0
259100	0	0	0	5	0	0	0
259102	0	0	0	0	0	0	0
259110	0	0	0	0	0	0	0
259111	0	0	0	0	0	0	0
259277	118	41	11	7	34	25	1
260301	0	6	0	1	7	21	2
260409	1015	430	263	344	402	1524	405
263764	102	211	198	314	872	48	9
266744	0	0	0	0	0	0	0
268291	959	899	814	857	875	929	1169
268449	16	59	38	39	38	29	50
268470	4510	5356	3422	3101	3446	4883	4295
268490	1704	2668	1713	1464	1735	1883	2389
268591	0	0	0	1	0	0	0
268686	0	0	0	0	0	0	0
268706	762	717	432	370	426	788	356
268741	5131	5531	6443	3407	3960	5714	6714
268880	1385	921	1577	1068	1613	1680	1997
268885	2	0	1	6	0	13	21
268902	1439	2188	2927	4652	5314	1769	6977
269063	0	0	0	0	0	0	0
269233	1954	2010	1647	2998	1771	1554	1534
269336	836	856	868	703	794	666	783
269378	590	1374	835	737	906	1176	1290
269623	440	501	438	4043	553	633	524
269633	80	9	6	4	11	17	7
269902	7	7	0	0	5	10	2
269951	3836	6554	6083	5144	6586	4449	8599
270028	5146	745	1481	2419	3841	1625	2911
270066	4835	4944	5332	4178	4581	5086	4260
270802	269	250	126	200	218	268	150
271375	3	1	0	1	0	4	0
271457	4267	2889	2661	2169	3628	4349	2513
271711	467	865	986	276	354	314	343
272322	180	173	263	147	290	189	108
272359	1858	1374	1975	1717	2175	1720	1926
272465	25	4	3	14	44	32	1
276891	221	31	23	66	62	820	27
276950	1686	178	203	683	752	1933	253
277496	0	1	1	0	0	0	0
277753	0	0	0	0	0	0	0
277854	2480	2426	2492	1356	2945	2916	2202
278672	0	0	7	1	5	10	29
280408	93	40	25	13	28	57	14
280411	1431	1151	1213	1075	1365	2635	1810
280621	22	5	14	15	13	17	21
319179	8332	8091	5991	8738	6099	9187	16052
319196	20	60	42	17	31	29	48
319224	0	1	0	0	0	6	0
319259	0	0	0	0	0	0	0
319266	595	928	611	384	545	1233	870
319314	4	11	21	17	25	30	9
319371	511	513	641	167	171	119	280
319478	528	920	950	779	1212	839	840
319554	332	1052	463	417	703	362	586
319579	0	0	0	0	0	0	0
319625	251	130	92	141	147	572	314
319682	0	3	1	1	1	0	0
319711	79	8	49	23	17	15	3
319748	933	641	983	968	1314	729	840
319758	7250	9811	9051	8312	12542	7624	13109
319760	98	95	52	73	95	127	161
319772	186	104	90	118	83	103	75
319776	1	3	1	0	0	11	0
319783	44	54	52	45	574	142	111
319801	2159	2270	1823	2616	1213	822	1787
319875	1	0	0	0	0	0	0
319903	13	13	0	15	50	5	16
319940	18	56	40	17	15	33	64
319984	1060	1022	2285	353	656	246	514
319996	5143	8037	8232	5672	6210	5816	6663
319998	577	678	588	653	551	290	420
320038	92	81	87	194	614	327	21
320132	1	1	3	1	7	6	3
320172	88	89	90	137	130	150	90
320189	60	97	73	34	45	100	64
320210	0	0	0	4	13	1	0
320237	419	292	82	151	127	142	206
320311	615	859	257	378	1234	1590	769
320351	837	714	388	495	473	742	827
320407	65	1	1	19	16	28	2
320484	403	37	82	116	217	217	43
320624	0	0	0	0	0	0	0
320626	1	0	0	2	0	0	0
320684	7	1	1	1	0	2	0
320692	145	180	162	197	224	247	146
320782	73	19	7	31	30	143	24
320817	6527	9924	4924	4887	5094	6957	5727
320845	40	83	95	46	64	55	45
320846	0	2	4	1	1	1	0
320975	9	10	8	0	10	13	19
321014	23	40	24	30	40	31	16
327826	2836	2660	2168	2561	2912	4208	2580
327900	3333	4898	2459	3327	3229	5009	6282
327946	42	0	45	0	6	4	1
328019	2	6	3	0	1	0	3
328136	4	2	0	2	5	13	8
328162	964	1531	588	837	820	733	1686
328250	0	0	0	0	0	0	0
328401	0	0	0	0	0	0	2
328489	4	16	2	2	6	10	1
328531	0	0	0	0	0	0	0
328561	194	27	9	31	56	384	8
328657	1	0	0	0	0	1	1
328734	108	96	81	53	135	102	78
328747	0	0	0	1	0	2	1
328779	6	6	0	1	4	8	2
328780	0	0	0	0	0	0	0
328833	197	13	31	92	94	93	52
328977	4332	6858	5784	4637	5913	6122	6821
329065	10	7	6	9	43	20	4
329178	2482	840	1663	1031	1800	156	426
329371	0	0	0	0	0	1	2
329436	0	4	12	15	3	3	1
329557	0	0	0	0	0	0	0
329623	0	0	215	47	13	1	0
329908	9437	11375	8205	8209	10745	12901	10488
329934	643	2214	1567	1512	2858	2452	2067
330166	3932	10437	22055	16277	21577	1567	6156
330428	0	0	1	1	0	1	1
330657	26	11	20	38	39	24	16
330664	0	0	0	0	0	0	0
330723	87	16	17	45	24	52	16
330737	30	1	3	8	0	2	0
330863	3186	835	1215	617	2088	420	155
330902	42	108	51	103	76	59	66
330953	17	47	13	11	18	60	84
330998	0	3	295	0	370	4	3
331532	6	0	2	10	2	11	11
332578	0	0	0	0	0	0	0
332937	4	12	2	2	7	2	2
333670	10	5	0	2	5	0	0
338366	7458	7694	5476	8603	6026	10026	5927
338367	1685	131	360	647	308	373	241
353187	5076	3700	5295	2780	5503	8498	7157
353283	0	0	3546	5	2	0	0
353310	810	461	421	514	509	631	446
353499	56	11	10	11	15	12	9
360013	4062	4189	3395	3279	4037	4176	3681
378937	124	157	94	67	98	175	59
380660	14	82	15	5	43	123	73
380842	1	0	0	0	0	1	0
380959	6469	9115	10788	4014	7967	9454	7560
380977	36	78	9	27	75	119	51
381104	100	87	62	48	79	64	77
381175	91	2	13	27	4	16	3
381272	1	1	0	0	0	1	0
381306	935	1951	991	947	1289	2277	1816
381356	789	800	1013	851	997	747	597
381413	1101	22	252	332	103	60	72
381438	4663	6534	4557	4874	4290	6473	5419
381463	1	0	0	0	0	0	0
381522	6	3	0	1	1	1	4
381531	0	0	0	1	0	1	0
381569	0	0	0	0	0	0	0
381629	1833	1673	1256	755	1247	1728	1315
381686	0	0	0	0	0	0	0
381695	6153	14122	7604	4449	6994	7943	7421
381714	0	0	0	0	0	0	0
381715	0	0	0	0	0	0	0
381806	0	0	0	0	0	0	0
381810	144	15	49	27	33	31	33
382019	1299	1356	1629	1192	1635	791	1282
382106	0	0	1	0	0	0	0
382111	266	269	67	97	363	1121	171
382207	1810	3766	1711	2359	1903	3275	2536
382239	0	0	0	0	0	0	0
382244	0	0	0	0	0	0	0
383491	1	0	1	3	0	0	0
383548	0	0	0	0	0	2	0
383709	0	0	0	0	0	0	0
384071	0	11	5	2	18	32	57
384522	0	0	1	0	0	0	0
384534	0	0	0	0	0	0	0
384813	0	0	0	0	0	0	0
384997	0	0	1	0	1	0	0
385138	0	0	0	0	0	0	0
385312	0	0	0	0	0	0	0
385380	0	0	0	0	0	0	0
387151	0	0	0	0	0	0	0
387173	0	0	0	0	0	0	0
387191	0	0	0	0	0	0	0
387201	0	0	0	0	0	0	0
387228	0	0	0	0	0	0	0
387285	33	13	0	12	12	4	24
387353	0	1	0	7	1	0	1
387616	0	0	0	0	0	0	0
393082	3	14	1	7	6	34	1
394430	0	0	0	0	1	0	0
394433	6	0	1	2	1	17	0
399603	657	421	432	230	310	420	465
402773	4	0	0	4	1	1	3
403183	0	3	0	0	0	24	1
404308	0	0	0	0	0	0	0
406219	1	12	2	6	12	1	0
406221	0	0	0	0	3	0	0
406222	0	0	0	0	0	0	0
407243	2178	1588	1453	1222	1198	1831	1363
407786	703	672	363	751	678	1117	570
407790	1156	1388	297	280	134	209	2356
407800	585	87	69	306	149	231	75
414111	23	70	37	38	35	47	53
414801	769	267	249	331	172	808	439
431706	3	32	8	8	3	17	8
432508	13772	20341	18741	12454	19749	20935	19294
432555	455	22	27	151	141	605	23
432572	1331	533	812	1275	1141	1431	1104
432582	852	447	959	586	983	54	44
432591	0	0	0	0	1	0	0
432611	21	94	14	29	31	88	119
432769	183	288	192	30	210	212	185
432987	0	0	0	0	0	0	0
433273	0	1	0	0	0	2	1
433374	3	8	1	0	9	5	0
433426	0	0	0	0	0	0	0
433586	4273	3166	3017	3830	3713	4813	4272
433698	10	5	3	1	8	10	1
433702	6656	10041	6816	6109	6605	8522	7614
433719	0	0	0	0	0	0	0
433779	0	0	0	0	0	0	0
433855	391	214	99	72	120	216	254
433931	714	928	658	477	758	912	899
434065	0	0	0	0	0	1	0
434110	0	0	0	0	0	0	0
434113	0	0	0	0	0	0	0
434117	0	0	0	0	0	0	0
434121	0	0	0	0	0	0	0
434147	5	8	3	9	22	17	0
434179	224	3	11	35	12	72	260
434198	4	4	1	2	3	3	16
434203	4	0	0	2	1	1	0
434215	1196	143	171	552	302	749	140
434218	78	0	2	24	37	138	10
434234	300	195	286	248	391	346	226
434540	4	0	0	0	0	0	0
434689	0	0	0	0	1	0	1
434726	0	0	0	0	0	0	0
434768	0	0	0	0	0	0	0
434797	0	0	0	0	0	0	0
435528	2	0	4	1	2	3	0
435529	66	31	37	89	44	32	24
435921	1	0	18	1	1	1	0
436003	0	0	0	0	0	0	0
436230	74	338	124	189	163	204	163
436332	3	0	0	0	0	0	0
436523	0	0	0	0	0	0	0
442846	1	1	0	0	1	1	0
449521	1427	1570	616	738	1189	1977	1471
474332	787	34	73	248	149	1020	43
541463	0	0	0	0	0	0	0
544752	7825	10445	9978	7285	11258	10958	8863
544763	1	0	0	0	1	1	8
544806	5	6	0	0	13	1	0
544963	1815	1235	738	606	569	2201	1668
545013	0	0	0	0	0	0	0
545253	28	8	37	3	17	101	8
545280	0	0	0	0	0	0	0
545366	1	0	0	2	0	3	0
545471	1	324	4	6	1	190	8
545551	12	38	3	3	4	17	42
545667	5	20	8	3	1	10	11
545812	223	13	40	67	19	28	5
545814	0	0	0	0	0	0	0
545909	0	0	0	0	0	0	0
545925	0	0	0	0	0	0	0
545947	0	0	0	0	0	0	0
546118	0	0	0	1	0	0	0
546123	0	0	0	0	0	1	0
546185	0	0	0	0	0	0	0
546263	0	0	0	0	0	0	0
546519	4	2	2	0	12	8	0
546849	8	0	2	8	11	0	1
546913	0	0	0	0	0	0	0
546981	0	0	0	0	0	0	0
546983	0	0	0	0	0	0	0
574519	5	0	0	19	0	6	1
619310	0	18	2	4	5	13	3
619312	3	0	6	1	1	0	0
619318	0	0	0	0	0	0	0
619331	240	144	171	119	180	80	101
619991	0	0	0	0	0	0	0
620253	21	519	42	86	487	4206	3911
620672	0	0	0	0	0	0	0
620807	0	0	2	0	0	0	0
621430	0	0	0	0	0	0	0
622117	0	0	0	0	0	0	0
622124	0	5	1	0	4	4	0
622402	36	1	15	12	11	19	1
622404	461	593	412	339	323	548	736
622408	64	0	10	2	2	0	0
622434	436	668	263	498	847	282	554
623131	0	0	9	8	2	1	1
623197	0	0	0	0	0	0	0
623273	11	4	3	4	4	2	4
623459	0	0	0	1	0	0	0
623503	0	0	0	0	0	0	0
624439	0	0	0	0	0	0	0
624512	0	0	0	0	0	0	0
624845	0	0	0	0	0	0	0
625580	0	0	0	0	0	0	0
625605	0	0	0	0	0	0	0
625785	8	18	14	17	9	16	21
626391	238	10	58	14	12	31	4
626942	0	0	0	1	2	1	0
627191	361	257	408	151	231	147	1128
627537	0	0	0	0	0	0	0
627569	0	0	0	0	0	0	0
627636	0	0	0	0	0	0	0
627814	0	0	0	0	0	0	0
627860	0	0	0	0	0	0	0
628100	2	3	0	0	5	9	0
628444	0	0	0	0	0	0	0
628518	0	0	0	0	0	0	0
628693	10	1	7	3	7	14	1
628893	0	0	0	0	0	0	0
628951	1	0	2	2	0	7	0
629079	0	1	0	0	0	0	0
629147	39	145	208	40	171	314	137
629203	0	0	0	0	0	0	0
629542	0	0	0	0	0	0	0
629678	11	9	9	8	6	14	14
629761	0	0	0	0	0	0	0
630952	0	0	0	0	0	0	0
630994	0	0	0	0	0	0	0
631002	0	0	0	0	0	0	0
632534	0	0	0	0	0	0	0
633640	148	66	125	134	127	242	67
635895	0	0	0	0	5	0	0
636104	72	0	0	290	217	164	0
637004	0	0	0	1	2	2	0
637053	0	0	0	0	0	0	0
637873	2	0	4	0	0	0	0
637898	0	0	0	0	0	0	0
638102	0	0	0	0	0	0	0
639910	0	0	0	0	0	4	0
641340	511	353	404	291	365	290	339
652925	507	312	283	1281	412	625	341
654424	13	44	16	9	25	15	11
654432	0	0	0	0	0	0	0
654821	60	83	43	79	76	63	49
654822	64	34	44	52	117	104	64
654824	394	514	241	338	91	145	614
664725	0	0	0	0	0	0	0
664862	1378	884	665	1177	1075	689	405
665001	1	0	2	1	0	0	0
665180	380	237	1976	240	217	230	231
666168	0	0	0	0	0	0	0
666184	0	0	0	0	0	0	0
666203	0	0	0	0	0	0	0
666279	1	0	0	0	1	0	0
666317	0	0	0	0	0	0	0
666331	0	0	0	0	0	0	0
666348	2	3	1	5	6	11	3
666532	3	0	0	0	0	2	0
666938	1175	1589	568	610	804	1574	1513
667034	9	3	4	1	2	10	5
667135	0	0	0	0	0	0	0
667256	0	0	0	0	0	0	0
667268	0	0	0	0	0	0	0
667464	0	0	0	0	0	0	0
667693	0	0	0	0	0	0	0
667736	28	0	0	76	71	36	0
667766	29	11	15	19	13	154	119
667794	7	0	0	4	0	0	0
667977	569	1	58	165	199	51	50
668039	0	0	0	0	0	0	0
668101	256	18	18	77	36	57	19
668178	8	405	12	39	57	70	51
668359	0	0	0	0	0	0	0
668976	0	0	0	0	0	0	0
670857	0	0	0	0	0	0	0
672682	0	0	0	0	0	0	0
676914	1	8	14	3	10	2	0
723792	0	0	0	1	0	0	0
723826	0	0	0	0	0	0	0
723839	0	0	0	0	0	0	0
723892	0	0	0	0	0	0	0
723930	0	0	0	0	0	0	0
723936	0	0	0	0	0	0	0
723940	0	0	0	0	0	0	0
735267	0	0	0	0	0	0	0
735269	0	0	0	0	0	0	0
751527	0	0	0	0	0	0	0
751531	0	0	0	0	0	1	0
751865	0	2	1	0	0	1	0
767814	0	0	1	0	0	0	0
100036520	1	0	1	0	0	0	0
100036521	938	783	849	640	872	692	1048
100036537	32	26	21	37	51	26	7
100037258	5951	5328	6872	3717	4274	7507	4790
100037260	20	29	28	59	19	39	12
100038489	0	0	0	0	1	1	0
100038525	1	17	0	3	0	11	13
100038545	0	0	0	0	0	0	0
100038556	0	0	0	0	0	0	0
100038595	4	0	0	3	4	9	1
100038628	0	0	4	1	2	1	0
100038657	1	0	0	0	1	1	0
100038693	28	0	7	2	5	8	1
100038699	0	0	0	0	0	0	0
100038982	4	2	5	4	0	3	1
100038993	0	0	0	0	0	0	0
100039027	23	28	42	30	26	17	23
100039150	0	0	0	0	0	0	0
100039206	0	0	0	0	0	0	0
100039222	3	0	6	0	3	0	0
100039257	0	0	0	0	0	0	0
100039315	0	0	0	0	0	0	0
100039324	0	0	0	0	0	0	0
100039377	0	0	0	0	0	0	0
100039550	0	0	0	0	0	0	0
100039691	1	1	2	2	7	16	1
100039890	0	0	0	0	0	0	0
100039913	0	0	0	0	0	0	0
100040016	0	0	0	0	0	0	0
100040022	0	0	0	0	0	0	0
100040525	182	142	97	27	92	72	37
100040635	0	0	0	0	0	0	0
100040880	0	0	0	0	0	0	0
100040882	1	4	0	0	1	4	0
100041014	0	0	0	0	0	0	0
100041296	0	0	0	0	0	0	0
100041346	0	0	0	0	0	0	0
100041433	2	0	0	3	0	3	2
100041488	0	0	0	0	0	0	0
100041530	0	0	0	0	0	0	0
100041548	0	0	0	0	0	0	0
100041579	0	0	0	0	0	0	0
100041639	0	0	0	0	0	0	0
100041840	0	0	0	0	0	0	0
100041874	8	14	1	10	5	0	12
100042109	0	0	0	0	0	0	0
100042295	0	0	0	0	0	0	0
100042499	0	0	0	0	0	0	0
100042690	0	0	0	0	0	0	0
100042757	4	1	4	1	8	0	3
100042784	271	199	115	148	310	219	529
100042810	0	0	0	0	0	0	0
100042849	0	0	0	0	0	0	0
100042856	0	0	0	0	0	0	0
100042894	0	0	0	0	0	0	0
100042926	1	5	0	3	0	1	0
100043034	1	0	1	0	0	0	0
100043123	0	0	0	0	0	0	0
100043125	0	0	0	0	0	0	0
100043216	0	0	0	0	0	0	0
100043227	0	0	0	0	0	0	0
100043381	0	0	0	0	0	0	0
100043387	141	243	253	218	163	197	178
100043582	0	0	0	0	0	0	1
100045469	4	0	0	0	0	0	0
100048895	113	179	150	192	139	197	189
100049710	0	0	0	0	0	0	0
100101807	0	0	0	0	0	0	0
100124459	0	0	0	0	0	0	0
100124468	0	0	0	0	0	0	0
100124487	0	0	0	0	0	0	0
100125339	4	7	9	6	2	6	4
100126226	6	0	0	1	11	2	0
100126242	6	13	11	5	16	17	15
100126765	0	0	0	0	0	0	0
100189605	0	0	0	0	0	0	0
100216538	0	0	0	0	0	0	0
100217444	0	0	0	0	0	0	0
100302648	57	78	63	79	75	64	68
100302688	1	0	0	0	0	1	4
100303732	0	0	0	0	0	0	0
100312475	0	0	0	0	0	0	0
100312987	0	0	0	0	0	0	0
100316678	0	0	0	0	0	0	0
100316679	0	0	0	0	0	0	0
100316682	0	0	0	0	0	0	0
100316689	0	1	0	0	0	2	0
100316710	0	0	0	0	0	0	0
100316713	0	0	0	0	0	0	0
100316820	0	0	0	0	0	0	0
100316840	0	0	0	0	0	0	0
100384868	0	0	0	0	0	0	0
100502643	0	0	0	0	0	0	0
100502888	1	1	0	12	2	0	6
100502896	0	0	0	0	0	0	0
100502933	63	121	185	432	220	90	62
100503265	0	0	0	0	1	0	0
100503460	18	3	0	3	4	11	2
100503474	1	0	0	1	0	0	0
100503481	0	0	0	0	0	0	0
100503582	1	0	0	0	0	1	0
100503652	54	24	43	61	32	48	22
100504112	3	7	2	8	0	1	13
100504156	0	0	0	0	0	0	0
100504207	1	1	3	11	8	1	3
100505386	0	0	0	2	0	0	0
100526468	0	0	0	0	0	0	0
100526508	0	0	0	0	0	0	0
100526515	0	0	0	0	0	0	0
100526525	0	0	0	0	0	0	0
100526531	0	0	0	0	0	0	0
100526548	0	0	0	0	0	0	0
100526554	0	0	0	0	0	0	0
100529082	1467	56	134	199	502	594	122
100628567	0	0	0	0	0	0	0
100628570	0	0	0	0	0	0	0
100628597	0	0	0	0	0	0	0
100628605	0	0	0	0	0	0	0
100861870	9	23	16	9	11	8	3
100861978	0	0	0	0	0	0	0
100862015	0	0	0	0	0	0	0
100862359	0	0	0	0	0	0	0
100862398	0	0	0	0	0	0	0
100873094	1	2	0	0	0	0	0
100885823	0	0	0	0	0	0	0
102465171	0	0	0	0	0	0	0
102465208	0	0	0	0	0	0	0
102465211	0	0	0	0	0	0	0
102465221	0	0	0	0	0	0	0
102465228	0	0	0	0	0	0	0
102465636	0	0	0	0	0	0	0
102465893	0	0	0	0	0	0	0
102465980	0	0	0	0	0	0	0
102466152	0	0	0	0	0	0	0
102466155	0	0	0	0	0	0	0
102466215	0	0	0	0	0	0	0
102466629	0	0	0	0	0	0	0
102466630	0	0	0	0	0	1	0
102466647	0	0	0	0	0	0	0
102466791	0	0	0	0	0	0	0
102466794	0	0	0	0	0	0	0
102466839	0	0	0	0	0	0	0
102466991	0	0	0	0	0	0	0
102633315	22	33	21	14	10	51	22
102634101	4	6	3	7	2	5	0
102902673	0	0	0	1	2	0	3
