Run 1	61.9107	67.5588	67.1353	66.5245	58.4268	2.3346	1.277	0.7557	0.6691	0.5948	0.1507	0.1406	0.1241	0.1187	0.115	0.1122	0.1103	0.108	0.1011	0.0957
Run 2	55.949	58.22	64.9155	69.1301	62.7535	1.628	1.0906	0.8659	0.8296	0.6832	0.6413	0.5095	0.1849	0.1624	0.1514	0.1252	0.1153	0.1147	0.1141	0.1148
Run 3	60.3406	61.1662	46.5669	51.3718	54.0954	1.3629	0.7199	0.6458	0.7007	0.5382	0.4701	0.2188	0.2131	0.2068	0.197	0.1919	0.1884	0.1859	0.1852	0.1843
Run 4	60.1817	63.8952	61.69	63.9624	55.1881	0.7498	0.6726	0.5984	0.5639	0.4842	0.6644	0.5877	1.2243	1.0228	0.9915	0.9429	0.882	0.8146	0.7461	0.6946
Run 5	53.0604	57.4809	77.8498	64.5789	77.7676	1.8852	1.1324	0.7761	0.5589	0.1778	0.1031	0.1096	0.0966	0.1036	0.1024	0.0994	0.0952	0.0978	0.088	0.0913
Run 6	60.1937	64.3566	45.9696	59.6732	51.9572	0.9137	0.535	0.1465	0.1392	0.4047	0.3821	0.3466	0.1239	0.0984	0.0927	0.0923	0.0896	0.0869	0.0842	0.0907
Run 7	57.5424	56.7151	55.1653	60.8628	53.6092	1.9348	0.8377	0.6657	1.1807	1.1059	1.0563	0.9984	0.9353	0.8632	0.7751	0.6587	0.6199	0.5742	0.554	0.3526
Run 8	59.8845	70.842	62.3147	56.0827	58.286	1.7042	0.5007	1.4468	1.3377	1.1848	0.945	0.7662	0.5729	0.4824	0.1593	0.1286	0.1266	0.114	0.1108	0.1053
Run 9	48.4883	51.6973	55.0418	52.4397	57.3402	1.1318	0.4877	0.1074	0.1092	0.1056	0.1019	0.0957	0.0916	0.0904	0.0906	0.0887	0.0883	0.0859	0.0849	0.0827
Run 10	54.9375	56.4791	54.9609	59.5604	59.7497	1.441	0.6308	0.166	0.1338	0.1231	0.1212	0.1176	0.1109	0.111	0.1136	0.109	0.1034	0.0977	0.0975	0.0979
Run 11	65.0864	59.7814	66.3112	65.2794	52.2294	0.6044	0.3597	0.1252	0.1134	0.1093	0.0851	0.1085	0.1084	0.108	0.1082	0.1176	0.1098	0.1041	0.1023	0.0984
Run 12	57.6455	56.6321	55.0645	63.6189	56.9246	1.1974	0.6094	0.9381	0.6674	0.5934	0.5232	0.8523	0.7927	0.5209	0.1348	0.1094	0.1044	0.1033	0.102	0.1012
Run 13	54.8404	59.8869	51.1504	59.3236	47.1987	0.5613	0.1729	0.1329	0.133	0.132	0.13	0.1275	0.1255	0.1185	0.1187	0.119	0.1181	0.118	0.1868	0.1309
Run 14	61.6658	51.1024	57.6278	83.1381	68.5313	1.1155	0.5763	0.1295	0.1052	0.0947	0.0899	0.0911	0.0891	0.0891	0.0887	0.0919	0.0895	0.0884	0.0881	0.0867
Run 15	62.9928	57.1551	63.127	51.0804	51.5182	1.3022	0.927	0.3516	0.1778	0.1698	0.158	0.1295	0.1	0.0933	0.0968	0.0998	0.1108	0.1009	0.0978	0.0924
Run 16	70.8794	64.9806	51.7629	66.574	59.6311	1.6357	0.6954	0.4019	0.1381	0.1303	0.1272	0.123	0.1182	0.1144	0.1132	0.7258	0.5462	0.1589	0.1181	0.1168
Run 17	63.1809	55.7441	57.6154	51.0459	58.582	1.6262	0.5876	1.1317	1.0486	0.8892	1.7923	1.9532	1.6889	1.474	1.4164	1.2985	1.0794	0.9063	0.6303	0.3213
Run 18	58.0709	75.6738	57.0546	67.5299	54.9652	1.0665	0.9118	0.4119	0.1786	0.1496	0.13	0.1059	0.0977	0.0961	0.0937	0.0915	0.0885	0.0896	0.089	0.086
Run 19	55.1251	49.2919	69.5716	63.3437	54.165	1.324	1.2039	0.8671	0.7821	0.5484	0.1941	0.1889	0.1825	0.1765	0.1709	0.1693	0.1601	0.1527	0.1485	0.1316
Run 20	57.4089	59.8183	50.8354	63.028	58.1522	2.0601	1.9399	1.559	0.806	0.6271	0.5694	1.0694	1.0495	1.01	0.9516	0.8876	0.8144	0.7361	0.6738	0.6455
Run 21	60.1222	57.4684	49.0263	62.5547	52.1355	0.7052	0.1556	0.1202	0.1167	0.1288	0.112	0.1124	0.1046	0.1012	0.1018	0.1053	0.0989	0.0974	0.0943	0.095
Run 22	67.8949	55.0894	62.2385	61.7831	67.0315	2.8855	2.2238	1.7787	1.3854	1.205	0.6775	0.5165	0.1341	0.1083	0.096	0.0934	0.091	0.0877	0.0848	0.0847
Run 23	66.5287	49.1148	59.4113	57.8861	64.3982	1.2966	2.3339	1.9315	1.6499	1.4005	1.1084	1.0146	0.9412	0.6321	0.6111	0.5927	0.5651	0.5137	0.4403	0.3664
Run 24	60.5912	70.8783	55.8033	62.2365	65.4729	1.8751	1.0012	0.2338	0.1956	0.1742	0.1633	0.1498	0.1486	0.1357	0.1201	0.1145	0.1129	0.1107	0.101	0.1016
Run 25	74.8707	62.2661	56.1606	67.5582	57.08	1.8296	1.2848	0.7089	0.1395	0.0936	0.1016	0.0987	0.0968	0.0953	0.0967	0.1339	0.095	0.0948	0.0871	0.1659
Run 26	64.6767	60.8652	72.7287	53.1725	51.936	1.4599	1.1215	0.5311	0.9589	0.8301	0.5472	0.1524	0.1242	0.1175	0.1137	0.1091	0.1028	0.0984	0.1056	0.1038
Run 27	62.8176	53.5456	61.0076	73.987	58.3202	0.8982	0.1294	0.1167	0.1169	0.1045	0.111	0.1104	0.1094	0.1053	0.1046	0.1036	0.0988	0.1008	0.1028	0.1014
Run 28	60.9963	46.082	60.4311	55.1865	54.5247	1.5266	0.7919	0.7299	0.6369	0.1241	0.1064	0.0991	0.0927	0.0922	0.0893	0.0866	0.0849	0.0828	0.0809	0.0813
Run 29	71.1529	61.7969	50.9886	56.7522	54.339	1.029	0.1088	0.0927	0.0881	0.0875	0.0844	0.0833	0.0921	0.0857	0.0849	0.0895	0.0857	0.0837	0.0852	0.0872
Run 30	61.3525	52.3739	65.2308	56.2101	62.9534	2.0084	1.4655	0.9264	0.5201	0.6217	0.2901	0.1071	0.1001	0.0977	0.1088	0.096	0.0976	0.0933	0.0914	0.0907
Run 31	57.2258	68.2332	61.7711	65.145	52.2307	1.0618	0.6967	1.5305	1.472	1.3766	1.2865	1.1914	1.1337	1.0678	1.0111	0.9401	0.8574	0.8	0.7575	0.7057
Run 32	60.7315	52.3761	58.1419	56.0558	54.227	2.2071	0.9952	2.1811	1.8436	1.5331	0.8633	0.6929	0.6079	0.2361	0.2187	0.2088	0.1972	0.1918	0.1859	0.1753
Run 33	69.8153	60.9608	63.316	63.3652	55.7451	1.3024	0.8825	0.6691	0.3514	0.7549	0.7021	0.3496	1.1364	1.1039	1.0537	1.0061	0.9592	0.929	0.8852	0.8318
Run 34	61.1759	63.7441	56.8476	46.8954	62.8032	2.3127	1.0325	0.2992	0.1452	0.1378	0.1364	0.1411	0.1382	0.1352	0.1383	0.1338	0.1269	0.1248	0.117	0.1137
Run 35	68.9681	57.7019	71.31	57.3022	62.7758	1.6476	1.0443	0.6562	0.5115	0.786	0.671	0.2086	0.1684	0.1701	0.1679	0.1493	0.1333	0.1298	0.1286	0.1225
Run 36	64.4044	55.3078	59.9173	59.3088	68.5211	1.4693	1.0291	0.5403	0.1572	0.1094	0.102	0.0976	0.0958	0.0956	0.0952	0.095	0.0949	0.0949	0.0979	0.0972
Run 37	72.5734	62.17	54.5886	44.4079	50.2041	1.3424	0.1636	0.1147	0.1119	0.1075	0.1048	0.1007	0.0984	0.0995	0.0978	0.0925	0.0925	0.0916	0.1022	0.0944
Run 38	76.2365	81.9519	61.2365	46.2834	58.0389	1.2656	0.7449	1.1287	1.0399	0.7375	0.6962	0.6351	0.5775	0.1474	0.1249	0.1213	0.1174	0.1062	0.1037	0.1027
Run 39	55.7951	68.274	54.8591	57.2363	49.4667	2.13	0.7934	0.6551	0.1324	0.122	0.1157	0.115	0.1192	0.1177	0.1099	0.1169	0.1121	0.1117	0.1111	0.1025
Run 40	63.8305	69.3545	54.9109	62.6056	49.8399	1.5718	1.0467	1.3529	1.0643	0.7418	0.7049	0.6401	0.5364	0.1507	0.144	0.1419	0.1422	0.1378	0.136	0.1341
Run 41	71.1531	57.7873	55.6754	55.1696	57.6582	0.967	0.4992	0.3953	0.4934	0.3862	0.1068	0.1078	0.1061	0.1058	0.1005	0.1035	0.1066	0.1086	0.1057	0.1017
Run 42	64.8894	67.5311	44.6131	54.8623	75.1475	1.689	1.0314	0.772	0.6654	0.415	0.2948	0.148	0.1195	0.1153	0.1191	0.1167	0.1141	0.113	0.1107	0.108
Run 43	56.591	54.7354	46.8287	71.4277	49.0495	1.0572	0.4008	0.146	0.1155	0.1166	0.115	0.1149	0.118	0.2088	0.1194	0.1344	0.6873	0.6028	0.4005	0.323
Run 44	66.3604	65.2175	62.4394	57.2242	61.3147	1.0321	0.29	0.2684	0.2524	0.1669	0.1283	0.0988	0.0943	0.0891	0.0838	0.273	0.1412	0.0806	0.0835	0.0829
Run 45	59.8033	54.9359	67.6956	67.4494	70.3469	1.8646	1.3464	0.8541	1.6307	1.5733	1.4641	1.3699	1.3122	1.2518	1.1922	1.139	1.1104	1.0802	1.0342	0.9893
Run 46	59.0231	61.7769	52.7659	63.0735	59.8089	1.0095	0.8342	0.6246	0.3388	0.2949	0.3578	0.3168	0.2536	0.094	0.09	0.0918	0.0901	0.0895	0.0907	0.0894
Run 47	75.5043	61.2031	54.8717	58.6292	53.9184	1.8348	0.9783	0.8023	0.4485	0.3608	0.3319	0.2316	0.138	0.134	0.1294	0.1261	0.122	0.1176	0.1198	0.1171
Run 48	56.3359	60.7818	51.5777	72.8325	57.7017	1.0095	0.3274	0.1848	0.1681	0.156	0.4538	0.2348	0.1215	0.112	0.1281	0.129	0.1429	0.1431	0.1355	0.1345
Run 49	66.3246	55.1055	60.5059	65.0637	83.6744	2.2787	1.4628	0.5523	0.2132	0.1368	0.1087	0.0932	0.0939	0.0921	0.0877	0.0926	0.092	0.0879	0.0904	0.082
Run 50	65.126	56.6831	50.0107	53.504	57.2627	0.326	0.177	0.1122	0.1068	0.1055	0.1077	0.1054	0.1007	0.0959	0.0941	0.09	0.0899	0.0892	0.0891	0.0897
Run 51	63.6052	48.9777	71.2096	51.5841	55.6872	0.1554	0.1274	0.1516	0.1209	0.1193	0.1151	0.1103	0.1044	0.1039	0.1027	0.1075	0.1047	0.1028	0.1075	0.1029
Run 52	76.0827	45.6444	62.9393	53.7924	65.7263	1.8639	1.2147	0.8418	0.6636	0.3163	0.1546	0.1022	0.0863	0.0902	0.0914	0.0896	0.0865	0.0867	0.085	0.0849
Run 53	63.7701	74.8833	55.6914	55.1345	56.8048	1.6953	0.7285	0.1312	0.2039	0.1134	0.1096	0.103	0.1034	0.1019	0.0982	0.0824	0.0992	0.0983	0.4916	0.1297
Run 54	63.7071	64.6986	61.8314	64.3088	62.0196	1.8828	1.3493	0.9847	0.4592	0.3092	0.1255	0.1255	0.1245	0.123	0.1166	0.1175	0.1134	0.1088	0.1051	0.1093
Run 55	57.8914	66.0995	52.4102	66.3753	49.5735	0.775	1.0713	0.9249	0.8046	0.4979	0.1195	0.1155	0.1114	0.1067	0.1032	0.107	0.1074	0.106	0.105	0.1086
Run 56	71.3351	59.2497	61.1168	69.5008	67.905	1.8589	1.1047	0.3714	0.3477	0.2509	0.2074	0.1998	0.1838	0.1902	0.1737	0.1668	0.1485	0.1359	0.1088	0.1063
Run 57	65.5486	58.5865	74.5314	60.4082	49.251	1.5077	1.3412	0.8733	0.2976	0.1152	0.1104	0.102	0.0945	0.0893	0.0866	0.0853	0.0846	0.0839	0.0824	0.0834
Run 58	65.3989	80.4718	57.2903	58.9724	77.1192	1.8569	1.0343	0.3555	0.0976	0.0914	0.0882	0.0862	0.0828	0.0896	0.0874	0.086	0.0865	0.0857	0.0853	0.0858
Run 59	53.3892	55.1594	57.5571	58.7018	55.5185	1.2548	0.6422	0.4683	0.9404	0.7124	0.5245	0.1923	0.1156	0.1112	0.0962	0.1079	0.1057	0.1071	0.1036	0.0997
Run 60	63.1535	68.0811	73.4503	69.3982	51.7913	1.3444	0.3848	0.2482	0.1636	1.2971	1.2755	0.8585	0.7837	0.586	0.4328	0.1155	0.1141	0.1082	0.1019	0.0965
Run 61	62.3371	56.7806	74.5712	67.6332	66.2901	1.7375	0.5644	0.4134	0.3745	0.2514	0.9153	0.5384	0.5074	0.4891	0.4646	0.4382	0.4129	0.386	0.3545	0.3273
Run 62	55.691	50.7368	55.2361	54.6588	69.7307	1.5526	0.6675	0.3108	0.2123	0.1991	0.1602	1.7635	1.6448	1.5185	1.3906	1.2674	1.1228	0.8238	0.7566	0.6969
Run 63	55.9556	68.1498	58.9095	56.3714	64.3161	1.3658	0.5969	0.5664	0.2699	0.2203	0.2202	0.219	0.2179	0.2281	0.1906	0.2118	0.2079	0.2008	0.195	0.1833
Run 64	59.771	74.7717	59.4626	52.6563	60.6819	1.5368	0.4466	0.3099	0.284	0.1776	0.1313	0.1107	0.1091	0.1098	0.1058	0.1058	0.1043	0.1028	0.1026	0.1021
Run 65	73.2387	56.4881	59.1877	63.5273	50.807	0.9711	0.1436	0.1208	0.1189	0.1165	0.1123	0.1116	0.1082	0.1065	0.0964	0.0992	0.0998	0.1338	0.1945	0.1079
Run 66	59.8109	76.3308	56.6761	63.8739	54.3799	1.1585	1.2757	1.0463	0.8284	0.6925	0.2724	0.1684	0.1615	0.155	0.1543	0.1521	0.1512	0.1486	0.1479	0.1377
Run 67	73.399	69.3558	56.6804	65.1344	49.9329	1.4801	1.251	0.8038	0.4561	0.1236	0.1151	0.1146	0.1081	0.1052	0.1001	0.0927	0.0942	0.0928	0.0848	0.086
Run 68	58.2561	71.1877	72.8346	59.8195	69.9342	2.5436	0.9458	0.6169	0.1881	0.1748	0.1638	0.1601	0.143	0.1221	0.1211	0.106	0.1121	0.1175	0.1024	0.1079
Run 69	75.6248	54.9239	61.3359	63.4775	66.6543	1.3184	0.8045	0.4415	0.3291	0.2169	0.2218	0.2201	0.2121	0.2077	0.1948	0.1889	1.1162	0.7286	0.5581	0.422
Run 70	62.8358	63.9158	58.1076	54.5258	52.4113	1.6743	0.6201	0.155	0.1314	0.1282	0.1294	0.1269	0.1257	0.1287	0.121	0.1234	0.1229	0.1221	0.2203	0.1219
Run 71	66.4979	44.8894	53.7771	57.4162	65.0175	1.4021	0.2142	0.1154	0.1139	0.1056	0.1077	0.1057	0.1008	0.0998	0.0944	0.0955	0.093	0.0923	0.0904	0.0941
Run 72	70.5284	60.9362	60.031	79.2202	68.6172	1.8609	1.1699	0.4551	0.6825	0.4065	0.1275	0.1145	0.1073	0.1056	0.1044	0.104	0.1027	0.1031	0.1045	0.1023
Run 73	63.8213	64.9871	60.1475	83.2772	53.7608	1.4346	0.7457	0.1378	0.1146	0.1111	0.1069	0.1033	0.0981	0.0923	0.7487	0.5898	0.2892	0.1201	0.0942	0.0918
Run 74	63.9823	48.9761	59.3065	55.9165	56.3578	1.792	1.0968	0.6197	0.5452	2.2334	2.0946	1.943	1.794	1.6555	1.5128	1.4184	1.3358	1.2619	1.1937	1.105
Run 75	59.4133	59.2564	55.7977	66.7751	55.6564	2.114	1.512	0.7242	0.2379	0.1623	0.1013	0.0984	0.0944	0.0911	0.0888	0.0881	0.0879	0.0864	0.0857	0.0897
Run 76	53.789	52.027	57.4389	54.6698	66.9874	1.5276	0.7795	0.2314	0.1445	0.1284	0.1246	0.1209	3.8869	3.5496	2.9876	2.6777	2.4838	2.3535	2.2921	2.2413
Run 77	59.6139	54.1224	47.7908	50.0781	57.931	0.4281	0.3369	0.4393	0.207	0.0988	0.1071	0.1037	0.749	0.5761	0.5291	0.1218	0.0972	0.0884	0.083	0.0799
Run 78	59.5359	49.2136	69.5054	74.9944	70.4446	2.1472	1.94	1.7089	0.9148	0.4229	0.1993	0.1825	0.1694	0.132	0.1187	0.1168	0.1151	0.1115	0.1108	0.1106
Run 79	61.3087	61.3851	47.9668	61.9999	56.5563	0.7645	0.8184	0.7475	0.4193	0.3017	0.1335	0.1175	0.1059	0.1079	0.1063	0.1177	0.1067	0.1034	0.1033	0.1002
Run 80	54.9324	56.9553	65.9917	58.5584	50.4379	0.9474	0.1741	0.262	0.1247	0.1188	0.1169	0.1153	0.1133	0.1124	0.1099	0.1046	0.1152	0.1045	0.1143	0.1078
Run 81	58.5577	45.7167	44.8791	60.2874	62.1235	1.3777	0.8864	0.8088	0.4935	0.2136	0.1581	0.1422	0.1069	0.0997	0.1427	0.0959	0.1005	0.1	0.099	0.0982
Run 82	55.2535	54.4741	62.4498	53.9577	59.262	0.6499	0.1089	0.0968	0.0946	0.0932	0.094	0.0914	0.0913	0.0825	0.0914	0.0884	0.0882	0.0766	0.0857	0.0841
Run 83	63.9042	49.8616	53.3224	65.8105	52.1044	2.4063	1.669	1.1442	0.9491	0.5801	0.1989	0.1386	0.1276	0.1265	0.1257	0.1191	0.1254	0.116	0.1267	0.1251
Run 84	57.1016	60.007	56.9309	61.3395	56.1522	1.1074	0.4903	0.3288	0.2576	0.2377	0.2309	0.2212	0.1403	0.1328	0.1173	0.1092	0.1081	0.1057	0.1041	0.1028
Run 85	63.2035	59.6682	58.2622	59.4773	50.1702	1.724	0.7878	0.1536	0.1134	0.1059	0.1026	0.0994	0.0967	0.0953	0.0938	0.0927	0.0924	0.0922	0.0919	0.0919
Run 86	68.8267	54.2713	60.1579	48.8608	47.7179	1.7195	1.134	0.7792	0.5721	0.6598	0.6307	0.4048	0.4734	0.2074	0.143	0.1281	0.1106	0.1121	0.1118	0.1085
Run 87	68.7408	55.5684	57.113	74.2178	50.5474	1.2199	0.4342	0.1042	0.0889	0.114	0.0909	0.0854	0.0949	0.0888	0.0921	0.0926	0.0885	0.0868	0.0884	0.0879
Run 88	69.365	64.7675	51.1688	53.4603	56.0949	1.7307	1.3512	0.6121	0.4707	0.127	0.1246	0.1206	0.1201	0.1194	0.1182	0.1182	0.1167	0.1352	0.1078	0.126
Run 89	62.1123	65.3824	61.6219	56.5167	59.8827	0.6756	0.9561	0.8448	0.5769	1.1113	1.0762	1.0038	0.9016	0.824	0.7388	0.6435	0.449	0.1278	0.1101	0.1083
Run 90	73.7237	60.9957	67.567	57.9503	58.0889	1.284	1.0857	0.7356	0.4621	0.5613	0.639	0.5425	0.9179	0.9099	0.8498	0.795	0.6957	0.5801	0.6981	0.6782
Run 91	58.6333	68.5663	75.264	59.0046	58.4384	0.9567	0.2601	0.1378	0.1195	0.1127	0.1113	2.4534	1.9876	1.6748	1.1323	1.0496	0.9179	0.6527	0.4104	0.1543
Run 92	44.9601	65.0538	50.2368	64.0885	59.8607	2.1166	1.1983	0.9674	0.5107	0.4606	0.8358	0.8113	0.748	0.6485	0.4647	0.1321	0.1287	0.1232	0.1227	0.1194
Run 93	77.8934	76.3732	49.5759	64.6186	51.0949	1.0325	0.5109	0.2911	0.1101	0.1002	0.1149	0.0957	0.1054	0.098	0.0985	0.0978	0.0971	0.0974	0.0974	0.095
Run 94	78.5667	66.0932	57.1715	71.1554	57.4274	1.2955	0.485	0.2928	0.2689	0.1866	0.1704	0.1538	0.1299	0.9766	0.535	0.1798	0.1563	0.1365	0.119	0.1112
Run 95	72.419	64.1022	76.0555	56.3081	57.1296	0.9184	0.5067	0.8104	0.1324	0.127	0.127	0.1104	0.1135	0.1116	0.1095	0.1137	0.1045	0.1051	0.1049	0.106
Run 96	56.4373	44.6869	61.3003	54.7971	65.1862	1.7762	0.8836	0.4691	0.1304	0.1133	0.1072	0.1165	0.112	0.1088	0.1087	0.1095	0.1068	0.1016	0.0967	0.0937
Run 97	65.9609	66.1513	49.6923	48.0967	52.9235	1.2212	0.1555	0.129	0.7287	0.178	0.1418	0.1276	0.1153	0.109	0.1127	0.1033	0.1041	0.1027	0.1019	0.0992
Run 98	68.7957	77.3399	58.6436	55.1909	59.9264	0.9278	0.3316	0.1233	0.1121	0.1064	0.0974	0.0945	0.1058	0.0945	0.0988	0.0788	0.0856	0.0849	0.0853	0.0838
Run 99	67.2399	50.8465	68.9552	60.7289	48.4065	2.0324	1.3154	1.1012	0.5757	0.1199	0.1163	0.1023	0.0996	0.0973	0.0938	0.0921	0.0909	0.0898	0.089	0.0877
Run 100	64.4575	55.4596	57.5111	50.142	47.9058	1.0709	0.1655	0.1325	0.1227	0.1188	0.1178	0.1155	0.1127	0.1111	0.1069	0.1096	0.1113	0.1017	0.0991	0.0975
